p12 11.8669 -3.80468 0.968084
p22 10.1729 2.64473 0.871712
p21 10.0203 -7.3386 0.806388
p12 10.034 -3.02963 0.801077
p12 10.1017 -7.33103 0.95468
p22 10.0508 -1.02249 0.893942
p12 10.0332 -5.83807 0.862951
p11 10.0629 0.161871 0.727989
p12 10.0696 -7.71776 0.980114
p21 10.0729 -1.84674 0.881884
p12 10.0834 -7.46483 0.956813
p11 10.0223 -2.60726 0.780633
p22 10.0128 -7.10544 0.812229
p11 10.0967 0.146978 0.969494
p22 10.0596 -5.95453 0.730387
p21 10.0468 0.054934 0.758724
p11 10.0027 -4.74868 0.869561
p21 10.0703 -0.00659132 0.895471
p22 10.0757 -4.72671 0.905441
p12 10.0904 -0.491469 0.710977
p21 10.0934 -6.19159 0.958791
p22 10.0378 -1.07425 0.883578
p12 10.0591 -7.23972 0.73741
p12 10.0002 -1.90094 0.959194
p21 10.0079 -6.31635 0.780084
p12 10.0983 -0.467543 0.782968
p21 10.0675 -7.71093 0.96476
p22 10.0013 -0.13013 0.829185
p11 10.0861 -7.0239 0.944581
p22 10.0798 -0.768089 0.821851
e 0.0 0.0 1.0