p12 11.9075 8.06238 0.958498
p21 11.3304 -3.54564 0.881939
p21 10.0764 9.07816 0.72537
p12 10.0963 4.91079 0.717634
p11 10.0842 10.1263 0.857338
p12 10.0236 4.9689 0.960146
p21 10.0595 11.8566 0.73469
p21 10.0266 5.24088 0.957207
p11 10.042 11.8981 0.94471
p22 10.0742 4.48891 0.976003
p12 10.1226 10.2064 0.975445
p11 10.1156 4.26771 0.739698
p21 10.043 8.4629 0.930381
p12 10.1211 4.11658 0.924833
p11 10.1037 10.3096 0.945277
p22 10.0615 5.89837 0.859261
p21 10.067 11.318 0.805747
p12 10.0409 6.76901 0.943382
p11 10.0572 11.7977 0.73361
p22 10.0629 6.61104 0.949965
p11 10.1025 11.8246 0.925849
p11 10.0566 5.37443 0.797131
p21 10.0629 9.62456 0.993152
p11 10.0229 4.17884 0.965786
p21 10.125 10.6764 0.782519
p21 10.0052 4.30335 0.821989
p12 10.0725 8.41408 0.836564
p22 10.1221 4.1012 0.816843
p21 10.0546 11.2811 0.795978
p22 10.0929 6.74166 0.833515
e 0.0 0.0 1.0