p21 11.9175 -0.730613 0.999368
p11 10.4539 3.39183 0.952922
p11 10.116 -2.40583 0.746666
p21 10.0009 3.24009 0.726643
p22 10.1141 -3.4774 0.84377
p21 10.0317 2.64876 0.761983
p11 10.1088 -1.52666 0.976196
p22 10.0403 2.79012 0.710895
p22 10.0792 -1.79498 0.927104
p11 10.0956 2.48885 0.882937
p22 10.0455 -3.62584 0.924476
p22 10.005 1.84478 0.840831
p11 10.06 -2.72884 0.96281
p12 10.1039 2.13947 0.896066
p21 10.0739 -3.99548 0.825358
p12 10.0164 0.757103 0.935096
p12 10.1085 -4.16321 0.968899
p21 10.0868 -0.127689 0.805197
p22 10.026 -4.27454 0.799182
p12 10.0173 2.13923 0.769088
p21 10.1212 -1.99615 0.835841
p12 10.0034 3.06601 0.79205
p12 10.0689 -4.71206 0.834541
p22 10.1014 2.44539 0.716453
p22 10.0303 -4.37269 0.801379
p22 10.0021 0.763696 0.977999
p11 10.131 -4.37635 0.896103
p12 10.0739 1.67144 0.707068
p11 10.0287 -2.51131 0.829267
p12 10.0654 1.55596 0.951228
e 0.0 0.0 1.0