p11 11.8981 7.50279 0.791025
p22 11.1321 0.832423 0.792782
p12 10.0461 11.4735 0.956246
p22 10.0777 3.72179 0.939564
p11 10.059 11.3946 0.863115
p21 10.0968 5.31413 0.992465
p22 10.015 10.825 0.805399
p11 10.0601 4.85586 0.997674
p22 10.0272 10.868 0.833662
p12 10.0514 6.71261 0.767769
p22 10.0456 10.8673 0.98937
p21 10.005 4.03357 0.927305
p12 10.0191 10.23 0.81048
p22 10.0025 4.19739 0.761882
p12 10.1064 11.2582 0.718586
p12 10.0071 4.81973 0.910889
p12 10.0573 9.46757 0.775021
p21 10.0355 4.84561 0.885647
p22 10.1102 9.13626 0.960823
p12 10.037 4.26942 0.990121
p21 10.0274 10.4356 0.93679
p11 10.1101 3.73205 0.989361
p11 10.101 8.41725 0.986221
p22 10.0634 3.86291 0.769051
p11 10.0516 8.73586 0.954396
p12 10.0682 4.10071 0.94676
p21 10.0748 8.93289 0.956072
p22 10.0525 4.92886 0.889273
p12 10.1049 10.6868 0.709513
p21 10.1022 4.05652 0.957811
e 0.0 0.0 1.0