p11 11.7653 3.26487 0.78067
p21 11.9457 -3.45579 0.925803
p12 10.0016 1.21 0.871767
p11 10.0255 5.40104 0.705869
p22 10.0134 0.16651 0.915165
p22 10.0134 6.08417 0.921931
p11 10.0234 0.486832 0.829286
p12 10.0293 4.53554 0.955779
p21 10.0166 0.401868 0.741017
p11 10.0042 6.80929 0.922745
p22 10.002 2.71566 0.965026
p22 10.0019 6.8442 0.926316
p12 10.0134 0.774194 0.785632
p12 10.0078 7.18381 0.992941
p22 10.0071 0.826686 0.93842
p11 10.0161 6.2436 0.973486
p22 10.0012 -0.11597 0.814939
p21 10.0292 4.21619 0.851149
p12 10.0084 -0.665791 0.844337
p22 10.0037 4.38002 0.860955
p12 10.0173 -0.510513 0.999515
p11 10.0189 7.18674 0.907282
p22 10.0215 0.317637 0.974236
p12 10.0277 5.83441 0.879522
p11 10.004 1.08011 0.817429
p21 10.0074 6.15351 0.8275
p21 10.0101 1.82037 0.839842
p21 10.0058 6.90231 0.838093
p11 10.02 -0.370128 0.816852
p21 10.0236 3.65441 0.815543
e 0.0 0.0 1.0