p12 11.8203 3.68163 0.928101
p21 10.0324 -0.902738 0.780477
p12 10.0093 4.73452 0.925675
p21 10.0366 0.112064 0.740944
p12 10.0461 7.48021 0.891397
p11 10.0396 2.81722 0.769601
p21 10.0584 7.09348 0.715326
p11 10.021 2.63631 0.945268
p11 10.0493 7.26145 0.714896
p12 10.0127 1.12333 0.745833
p21 10.0255 5.20157 0.855177
p21 10.0454 0.425794 0.908673
p11 10.069 4.59047 0.774773
p12 10.0244 -0.208014 0.736119
p12 10.0412 3.95984 0.961437
p21 10.0471 -0.0466321 0.842543
p21 10.0494 4.91079 0.880584
p11 10.0502 0.0124516 0.766469
p21 10.0605 5.75628 0.905652
p22 10.0607 0.831813 0.964193
p12 10.0503 6.38813 0.740605
p11 10.0558 0.614277 0.851909
p22 10.0584 5.10196 0.899609
p11 10.0629 1.06327 0.724757
p21 10.0399 5.11661 0.906046
p21 10.0471 0.939726 0.924265
p12 10.0094 5.95087 0.993362
p21 10.0196 0.109867 0.906577
p22 10.0658 4.33631 0.97853
p22 10.0604 -0.183599 0.8597
e 0.0 0.0 1.0