p11 11.8677 -2.13105 0.784204
p22 11.4997 2.21821 0.700687
p22 10.0143 -5.59954 0.967928
p22 10.1013 1.30644 0.991723
p11 10.0839 -4.2118 0.746144
p12 10.0746 0.550554 0.848833
p21 10.0331 -4.65053 0.722697
p21 10.0908 -0.622577 0.941322
p12 10.0895 -5.37394 0.702618
p21 10.1005 1.76934 0.801654
p21 10.0693 -2.6783 0.89288
p22 10.0262 1.50322 0.724354
p11 10.0717 -4.18006 0.825797
p22 10.0491 1.74102 0.727659
p22 10.0342 -2.8431 0.727705
p11 10.0507 1.81402 0.890307
p22 10.0114 -4.43959 0.884539
p11 10.051 0.202155 0.780148
p21 10.0601 -4.48524 0.803467
p21 10.0711 1.81964 0.812366
p12 10.0138 -5.75066 0.748231
p22 10.0405 -0.161626 0.924256
p21 10.0963 -5.85174 0.839439
p11 10.0479 -0.871852 0.906998
p11 10.0941 -5.10465 0.740394
p11 10.098 0.502945 0.786776
p12 10.0565 -5.6989 0.702774
p12 10.0385 0.873318 0.7142
p11 10.0518 -4.8395 0.97159
p11 10.0323 1.06986 0.7837
e 0.0 0.0 1.0