p11 11.9908 -6.21589 0.905368
p21 11.9478 1.14982 0.946367
p21 10.0609 -6.61153 0.8609
p11 10.05 -2.4322 0.790292
p12 10.157 -8.16675 0.797415
p21 10.1553 -3.20884 0.962004
p21 10.1777 -9.89557 0.907941
p11 10.1448 -2.69539 0.753926
p21 10.135 -8.22462 0.815616
p22 10.1215 -2.73153 0.855773
p11 10.0051 -8.8074 0.925327
p11 10.1376 -3.82531 0.905982
p22 10.0299 -9.19413 0.704312
p11 10.0115 -3.05673 0.989856
p12 10.0345 -7.54491 0.777895
p21 10.0493 -2.61434 0.979135
p22 10.1547 -8.04053 0.715967
p11 10.1227 -3.3939 0.994177
p11 10.1355 -7.50511 0.771551
p12 10.114 -3.03769 0.822117
p22 10.1002 -9.54228 0.748012
p21 10.0037 -4.6393 0.969485
p11 10.0576 -9.39482 0.986377
p21 10.0317 -5.02359 0.72374
p12 10.0424 -9.87335 0.858327
p11 10.117 -4.5558 0.931745
p21 10.1695 -8.84915 0.792187
p21 10.1851 -3.27354 0.806534
p12 10.1914 -7.61205 0.705356
p22 10.0725 -2.22614 0.735423
e 0.0 0.0 1.0