p21 11.9293 -2.42329 0.956978
p12 10.978 3.7307 0.9575
p11 10.0918 -3.34825 0.764272
p21 10.0212 1.27763 0.957344
p21 10.0522 -4.74013 0.916327
p12 10.0058 0.6133 0.761058
p11 10.0439 -4.89322 0.718091
p22 10.0161 0.150152 0.737877
p11 10.072 -5.21891 0.896359
p21 10.1263 -0.840113 0.717927
p21 10.1249 -5.90155 0.785348
p22 10.0532 -1.66655 0.954076
p11 10.082 -5.85955 0.737043
p22 10.1116 -0.720236 0.718494
p22 10.1011 -6.19062 0.749623
p11 10.0747 1.34526 0.766103
p11 10.0401 -6.19819 0.92877
p22 10.0175 -1.91192 0.906348
p22 10.0189 -6.25971 0.996539
p12 10.1306 0.967803 0.890463
p12 10.1083 -4.93423 0.999872
p21 10.0668 0.353283 0.789761
p12 10.0737 -5.18546 0.875869
p12 10.0229 0.526628 0.740587
p11 10.0168 -3.90783 0.719263
p21 10.0225 0.632344 0.953014
p12 10.1098 -6.29829 0.766918
p12 10.1196 0.00781345 0.928623
p22 10.0024 -6.33735 0.882772
p22 10.0347 -1.533 0.85623
e 0.0 0.0 1.0