p11 11.8838 9.55803 0.800748
p21 10.1755 -0.3014 0.84951
p12 10.0574 5.60564 0.934959
p12 10.006 10.0152 0.78402
p21 10.0942 5.95673 0.707379
p12 10.012 11.8143 0.826081
p22 10.0504 5.56389 0.865615
p12 10.0058 11.336 0.963726
p21 10.0269 6.5229 0.803046
p21 10.02 10.9076 0.720179
p12 10.0886 5.8471 0.707031
p12 10.0591 10.2676 0.951805
p12 10.0306 5.66594 0.751271
p21 10.0176 11.1634 0.954543
p11 10.0701 5.57219 0.748827
p22 10.1061 11.4696 0.832215
p22 10.1046 6.06537 0.790017
p11 10.0723 10.6964 0.93234
p22 10.1074 5.78167 0.91706
p11 10.0099 10.3433 0.957949
p22 10.0968 5.95233 0.99241
p12 10.0939 10.5787 0.737666
p11 10.0814 5.67766 0.882333
p22 10.0612 11.8334 0.931645
p11 10.0316 7.36839 0.979171
p11 10.0106 11.3924 0.910276
p21 10.0729 6.3564 0.937962
p22 10.0739 10.7308 0.809354
p22 10.0444 6.51045 0.700916
p22 10.0656 10.9308 0.875036
e 0.0 0.0 1.0