p21 11.8446 -1.23527 0.747087
p11 10.2252 2.87472 0.857778
p11 10.0271 -1.95538 0.781457
p12 10.0445 2.2884 0.989325
p21 10.077 -1.73565 0.913004
p11 10.0648 2.59578 0.973962
p12 10.0103 -3.06992 0.710089
p21 10.0439 1.46709 0.797424
p12 10.0596 -2.92172 0.971426
p12 10.0253 1.57964 0.976406
p22 10.0208 -3.28623 0.891873
p22 10.0839 2.58797 0.847935
p12 10.02 -5.16251 0.748524
p12 10.0626 1.41655 0.878231
p22 10.027 -4.11243 0.766689
p11 10.022 2.38508 0.876345
p22 10.0742 -3.93127 0.979391
p12 10.0661 2.5931 0.916272
p21 10.0725 -4.45692 0.762102
p22 10.0603 1.5418 0.935444
p12 10.0552 -3.71422 0.78023
p12 10.0841 2.48518 0.739195
p22 10.0386 -5.10514 0.936479
p21 10.0093 -0.134769 0.801059
p22 10.0709 -4.98599 0.764602
p12 10.0193 -0.557878 0.712003
p21 10.0132 -4.66933 0.949196
p21 10.0202 2.05011 0.846992
p11 10.0855 -3.22886 0.955724
p22 10.0005 2.27229 0.870724
e 0.0 0.0 1.0