p11 11.7689 -4.40822 0.948537
p21 11.5273 3.50658 0.962279
p21 10.0307 -7.26926 0.960256
p12 10.0094 -1.94024 0.701465
p11 10.0007 -8.07984 0.718494
p12 10.0211 -2.57479 0.864388
p22 10.021 -7.08591 0.872875
p12 10.0091 -0.820826 0.744624
p11 10.0311 -5.31608 0.791647
p22 10.03 -1.09622 0.793982
p12 10.0321 -5.35881 0.99556
p12 10.0243 -1.21805 0.780807
p22 10.0024 -6.70772 0.955943
p21 10.0013 -1.96026 0.851653
p12 10.0042 -7.38816 0.943025
p11 10.0189 -1.523 0.711902
p22 10.0232 -7.85107 0.769811
p12 10.0091 -0.730003 0.811002
p11 10.0075 -4.85195 0.718448
p21 10.0198 -0.716575 0.739671
p11 10.0215 -7.76684 0.911081
p22 10.0233 -2.18049 0.959386
p22 10.0157 -8.34742 0.78858
p12 10.0078 -3.56944 0.974749
p12 10.0302 -8.09595 0.72103
p21 10.0203 -0.522477 0.837626
p21 10.0203 -8.27198 0.718247
p22 10.0074 -0.868679 0.87087
p21 10.0256 -8.14209 0.764647
p21 10.0227 -3.99329 0.821943
e 0.0 0.0 1.0