p21 11.8536 -8.5707 0.806909
p12 10.3186 0.0443134 0.737519
p21 10.0546 -9.22904 0.783608
p11 10.0309 -5.09903 0.798962
p11 10.0419 -10.1712 0.817255
p22 10.0645 -5.71404 0.915229
p12 10.0852 -11.8021 0.728281
p22 10.0022 -6.30879 0.98081
p21 10.0314 -11.0509 0.853191
p11 10.0098 -5.07364 0.876345
p21 10.0756 -11.1959 0.929218
p11 10.0362 -5.32292 0.90491
p22 10.0516 -11.1888 0.926838
p11 10.0591 -6.05536 0.705933
p21 10.0833 -11.8732 0.935929
p21 10.0206 -7.82592 0.765105
p21 10.0679 -11.9032 0.94514
p11 10.0718 -5.94916 0.825788
p21 10.0309 -10.2086 0.747719
p12 10.065 -5.53728 0.972414
p11 10.0128 -10.1077 0.77578
p22 10.0756 -5.04874 0.963506
p11 10.0778 -10.6705 0.895984
p21 10.0792 -4.86245 0.728465
p11 10.0063 -10.2738 0.916666
p21 10.0679 -5.93622 0.830567
p22 10.0679 -11.777 0.972478
p12 10.0358 -5.98309 0.726057
p11 10.0197 -11.7699 0.854885
p12 10.0171 -6.49409 0.738636
e 0.0 0.0 1.0