p12 11.8725 -4.05152 0.894153
p22 10.6074 2.73165 0.870678
p21 10.0742 -3.21396 0.924989
p11 10.0699 -7.2363 0.947099
p21 10.04 -0.108646 0.978539
p11 10.0985 -6.99631 0.802048
p11 10.0096 -0.202399 0.936085
p22 10.0459 -5.49797 0.830009
p22 10.0859 -0.705344 0.999588
p12 10.0266 -5.65178 0.905515
p12 10.0433 -1.13163 0.83628
p21 10.0162 -5.91668 0.772054
p11 10.033 -0.450209 0.844539
p21 10.0757 -5.34245 0.873232
p21 10.0955 -0.689962 0.960494
p12 10.041 -6.57857 0.859673
p21 10.0901 -0.375011 0.841893
p21 10.0211 -4.66079 0.801077
p11 10.012 -0.338145 0.857878
p11 10.0985 -7.32469 0.778115
p21 10.0624 -1.25614 0.9035
p11 10.0361 -5.39738 0.735496
p22 10.0054 -1.15555 0.813437
p22 10.0652 -6.39375 0.930692
p11 10.0646 -0.39259 0.8107
p22 10.0429 -6.48042 0.963588
p11 10.0992 -1.99786 0.790356
p11 10.0317 -6.74728 0.731935
p11 10.0591 -1.29765 0.824818
p21 10.0803 -7.76293 0.70575
e 0.0 0.0 1.0