p11 11.869 6.07892 0.798944
p22 11.543 1.9931 0.821201
p22 10.0642 8.92093 0.73242
p12 10.0999 2.56404 0.833259
p21 10.0595 9.50615 0.944838
p21 10.0974 5.29362 0.825587
p12 10.0469 9.71636 0.844026
p21 10.0551 3.74938 0.811267
p12 10.0395 9.95905 0.807926
p11 10.0676 3.97717 0.844841
p22 10.0669 9.25883 0.757469
p22 10.0504 3.57262 0.934904
p12 10.0035 9.93805 0.746474
p22 10.0947 2.54793 0.813392
p12 10.0612 6.65865 0.707297
p12 10.087 2.14606 0.991495
p21 10.002 9.01785 0.984243
p12 10.0319 2.81356 0.711783
p21 10.0375 8.15479 0.715857
p12 10.014 3.42296 0.766598
p11 10.0518 8.31251 0.899536
p22 10.0349 2.51961 0.837223
p11 10.0219 6.60177 0.97007
p12 10.0663 2.52181 0.764968
p21 10.0022 8.48976 0.907364
p11 10.08 2.20026 0.778683
p11 10.0456 7.3701 0.972286
p21 10.0716 2.97983 0.743535
p22 10.0863 7.40111 0.739882
p22 10.103 2.40608 0.925996
e 0.0 0.0 1.0