p12 11.824 1.10709 0.986322
p21 11.79 -3.72631 0.706775
p21 10.0225 3.41319 0.870394
p12 10.0037 -0.879665 0.786776
p21 10.0304 5.04776 0.9588
p21 10.0542 -0.41969 0.735698
p12 10.0631 5.00235 0.762523
p21 10.069 -0.605487 0.737959
p22 10.0418 4.05725 0.91825
p21 10.0137 -1.63286 0.896854
p12 10.0485 3.19053 0.719071
p22 10.0339 -2.24348 0.979666
p11 10.0065 2.49812 0.724619
p11 10.0143 -2.34431 0.916941
p21 10.0529 2.56819 0.742711
p12 10.0344 -2.57063 0.713871
p21 10.0632 1.72955 0.987713
p21 10.0546 -2.69271 0.745979
p22 10.0574 1.85846 0.799585
p11 10.0338 -2.27717 0.948326
p22 10.0169 2.46736 0.912418
p21 10.0488 -1.70464 0.959157
p12 10.0239 2.30256 0.853465
p12 10.0291 -1.85601 0.855141
p22 10.0287 4.80068 0.744816
p12 10.0644 -2.09674 0.926737
p11 10.0688 4.75576 0.903537
p11 10.0292 -2.35627 0.821934
p11 10.0434 4.69106 0.899838
p12 10.0561 -0.974883 0.742756
e 0.0 0.0 1.0