p21 11.9083 -4.12256 0.844713
p11 11.2857 3.63158 0.704743
p22 10.0596 -7.13034 0.955843
p11 10.0431 -0.787866 0.715839
p12 10.1306 -7.65282 0.70564
p21 10.0917 -1.43608 0.756059
p12 10.0773 -6.86862 0.971023
p21 10.0464 -1.79839 0.75182
p11 10.1224 -7.22507 0.739991
p22 10.1324 -1.70171 0.844603
p21 10.0126 -7.02438 0.715244
p21 10.0958 -1.78643 0.733116
p12 10.0587 -6.36323 0.77199
p21 10.028 -0.400158 0.893667
p11 10.0169 -7.39207 0.884521
p22 10.1257 -2.41438 0.931571
p12 10.075 -7.26389 0.978512
p21 10.0322 -0.22193 0.930793
p12 10.0311 -5.1879 0.750264
p11 10.0244 -0.448744 0.738353
p21 10.1165 -7.54491 0.860652
p11 10.0264 -1.02078 0.815772
p11 10.0952 -5.83831 0.887817
p21 10.019 -0.514908 0.764867
p22 10.113 -7.25901 0.809977
p21 10.0953 -1.09232 0.770663
p11 10.0148 -5.99872 0.795538
p22 10.0382 -1.03494 0.856624
p12 10.0847 -5.3925 0.959908
p12 10.1241 -1.34526 0.827802
e 0.0 0.0 1.0