p11 11.8418 -6.88388 0.762331
p22 11.4452 -1.71233 0.978887
p11 10.0242 -9.29789 0.77449
p21 10.0584 -4.77822 0.816266
p22 10.0208 -9.10697 0.845106
p22 10.0012 -3.84509 0.730259
p12 10.0063 -9.02689 0.851405
p21 10.0822 -4.35975 0.720481
p12 10.0817 -8.66359 0.87607
p22 10.0329 -3.80236 0.881207
p12 10.0704 -8.34718 0.777795
p21 10.0234 -3.80969 0.796042
p21 10.0582 -10.0975 0.844475
p21 10.0746 -3.98181 0.968496
p11 10.0587 -10.2264 0.965832
p12 10.0086 -3.9115 0.833708
p22 10.0579 -8.36012 0.932972
p12 10.0573 -3.79186 0.797699
p22 10.0494 -9.24223 0.924613
p12 10.0145 -3.55211 0.768236
p22 10.0288 -9.72954 0.840034
p22 10.0655 -4.69301 0.722312
p22 10.0198 -9.51909 0.723228
p11 10.0698 -4.35267 0.951915
p21 10.0467 -10.679 0.74976
p11 10.0139 -3.41783 0.841527
p12 10.0538 -8.78005 0.921894
p11 10.0336 -3.55943 0.827006
p11 10.0398 -9.06473 0.795273
p11 10.0042 -3.63659 0.740797
e 0.0 0.0 1.0