p12 11.7866 -7.87707 0.849199
p21 11.2494 -3.4304 0.717991
p22 10.0354 -11.5516 0.74705
p12 10.0314 -5.30045 0.847139
p21 10.0037 -10.911 0.98027
p21 10.0347 -5.80999 0.838588
p11 10.0302 -9.82257 0.73307
p11 10.0064 -5.38981 0.972341
p22 10.0353 -10.0899 0.702307
p22 10.0115 -4.15003 0.957802
p12 10.0088 -11.1598 0.790677
p21 10.0424 -6.94552 0.730616
p11 10.0283 -10.9644 0.927625
p21 10.0201 -6.42744 0.805545
p12 10.0233 -10.5809 0.887011
p12 10.0041 -4.25477 0.760683
p11 10.0259 -8.93997 0.835383
p22 10.0422 -4.33509 0.818821
p21 10.023 -10.0408 0.706235
p11 10.0132 -5.89911 0.952821
p22 10.0099 -10.2882 0.883203
p22 10.0157 -5.79949 0.866704
p12 10.0409 -11.2814 0.703598
p12 10.033 -6.29072 0.723823
p12 10.0374 -10.7049 0.962407
p22 10.0446 -5.79144 0.94731
p11 10.0399 -10.857 0.765691
p22 10.0176 -5.33952 0.822987
p22 10.0314 -11.777 0.853932
p11 10.0338 -6.80489 0.99447
e 0.0 0.0 1.0