p11 11.8724 -0.425916 0.400124
c 11.4004 -5.39482 0.59576
c 10.2607 0.850002 0.704601
p21 10.0417 -3.35667 0.181612
c 11.5938 7.00839 0.785146
p11 10.0838 2.35286 0.363014
c 11.6291 11.2661 0.162617
c 11.4392 -2.26142 0.371803
c 10.0572 -11.6008 0.0601236
c 10.2332 10.9021 0.621371
p21 10.1069 0.0124521 0.0971853
c 10.6006 4.56496 0.399026
c 10.9539 -9.00357 0.0817551
p11 10.0167 -1.89068 0.150214
c 10.6002 -11.3393 0.454423
c 10.9702 6.44002 0.471098
c 10.0615 -5.9024 0.754798
c 10.8408 11.2478 0.48521
p22 10.0123 0.751732 0.401394
p11 10.1066 -3.53429 0.170674
c 11.256 7.18418 0.79955
p11 10.0506 -0.844508 0.173018
c 10.0883 -7.46983 0.658457
c 10.7576 4.50197 0.0627604
p12 10.0712 0.332775 0.77223
p22 10.0178 -3.97131 0.299682
c 11.6388 10.5212 0.445975
c 10.6754 1.27628 0.787758
c 11.9247 11.4287 0.50357
p12 10.0601 3.39854 0.497002
p22 10.0311 -2.78866 0.622885
c 10.2324 -11.8206 0.188765
p22 10.0151 2.91806 0.147431
c 10.8815 11.989 0.633359
c 10.5222 -9.36174 0.776796
p11 10.0297 3.11142 0.195382
c 11.0092 -4.8843 0.289403
c 11.225 11.1584 0.394851
c 10.1444 5.15092 0.034366
c 10.7843 -4.64992 0.200802
p22 10.0423 0.247323 0.468046
c 10.5847 9.57341 0.597957
c 10.81 -9.9931 0.440457
p11 10.0839 1.33012 0.129657
c 10.5992 6.4576 0.381911
c 10.7033 -6.14338 0.0494787
c 10.0331 10.7563 0.769056
p22 10.0431 -3.60778 0.182149
c 11.767 -9.69646 0.699767
c 10.1614 5.96759 0.279906
pu 11.2749 10.4348 0.535797
p12 10.0566 -2.86752 0.710095
c 11.1665 8.59926 0.348023
p21 10.069 -3.03696 0.642124
c 10.0643 4.06836 0.216769
c 11.0885 11.5115 0.701769
p11 10.1022 -3.6234 0.025772
c 11.5119 -8.87027 0.0202786
c 10.7733 3.1821 0.455009
c 10.7336 -10.7124 0.399831
c 10.2628 6.50154 0.109783
p22 10.0089 -1.28739 0.567683
c 10.1002 5.66875 0.748084
c 11.2815 10.4509 0.325024
p11 10.0057 2.30354 0.269188
c 10.4083 10.968 0.672154
p21 10.0565 2.30012 0.259739
c 11.8091 -5.46001 0.246287
c 10.1016 -11.4309 0.698888
p21 10.0261 1.0557 0.727991
p11 10.0321 -3.97986 0.583675
c 11.7261 6.58284 0.21445
c 10.5254 1.07559 0.0240141
c 10.3554 -10.593 0.254612
p11 10.0917 0.0329604 0.476518
c 11.0442 -4.17896 0.535895
p21 10.0711 3.23228 0.323852
c 10.93 8.83877 0.548786
p11 10.0283 -0.12305 0.272606
c 10.4588 6.48323 0.441068
p22 10.0856 -3.00449 0.686412
p22 10.0391 2.33284 0.33147
e 0.0 0.0 1.0