p11 11.8272 6.16169 0.708044
c 11.2809 11.3108 0.558747
c 11.9233 -4.33204 0.260349
c 10.7111 1.40446 0.0746748
c 10.012 -10.5307 0.633872
p22 10.0545 1.84832 0.792641
p11 10.0192 9.34916 0.474467
c 11.9278 -5.64238 0.483696
c 10.5529 -1.61541 0.139008
p21 10.0652 6.93332 0.153681
c 11.0204 -10.3286 0.0903003
c 10.038 1.35539 0.249167
c 10.9195 11.3584 0.139203
c 11.245 -9.01382 0.538019
c 10.6847 8.24476 0.26992
p12 10.0079 3.56749 0.401003
c 10.5937 -3.08689 0.024185
p21 10.0583 9.02616 0.017886
c 10.0672 -11.3554 0.0896655
c 10.1322 -2.17133 0.556379
c 10.0025 2.42695 0.746668
c 11.8575 -10.8574 0.189522
c 10.7984 8.39052 0.470854
c 10.6933 -11.8462 0.804458
p11 10.023 4.558 0.0135157
p21 10.0612 9.74273 0.0621744
c 10.0225 0.487442 0.578792
p12 10.0389 7.39256 0.796059
c 10.1599 -11.3049 0.682066
p11 10.0703 2.61239 0.755579
p21 10.0443 7.10617 0.710778
c 11.5516 -5.2205 0.663975
p11 10.036 3.34776 0.808755
c 11.3561 -6.06134 0.0800217
c 10.1296 7.94079 0.467045
p22 10.0397 3.31407 0.307421
c 11.4817 -10.1337 0.24802
c 11.9697 -3.45164 0.774989
p11 10.0391 4.5331 0.432547
c 10.1598 -10.3117 0.193868
c 10.244 -5.34355 0.242234
c 10.1486 -11.3935 0.344556
p21 10.0373 9.72076 0.226999
c 10.9007 3.49193 0.788759
p11 10.0464 9.68706 0.214401
c 10.5662 -1.63738 0.734021
c 10.7713 9.71551 0.592903
p22 10.0067 2.7369 0.55489
pu 11.5374 -6.21735 0.104803
p21 10.0139 7.83325 0.0916919
c 11.2773 -8.8417 0.288158
p12 10.0209 2.47444 0.421902
c 10.6944 -1.71282 0.235886
c 10.3128 -11.9216 0.230197
c 11.0803 -7.43321 0.559968
c 11.153 11.4463 0.705187
p22 10.0076 2.67269 0.427981
p12 10.0496 9.71929 0.373585
c 10.6785 -5.37211 0.793105
c 10.9969 8.01331 0.621811
c 11.3762 -1.42643 0.200704
p11 10.0291 9.17557 0.743811
p21 10.0652 3.18735 0.382326
p11 10.0591 9.64409 0.14057
c 11.2967 -4.01929 0.586214
p22 10.0626 4.45375 0.358204
c 10.9001 11.8191 0.0817063
c 10.6393 -5.35966 0.772181
c 10.0527 9.75359 0.70592
p12 10.0674 2.98862 0.650815
p22 10.0271 9.56377 0.122894
c 10.6558 -1.06168 0.584847
c 11.6515 -7.48009 0.49981
c 10.585 4.93338 0.23093
c 11.4582 -7.26035 0.149579
c 10.0016 -2.99899 0.166767
c 11.2926 11.3503 0.291332
p11 10.0031 5.61663 0.746082
p21 10.0197 9.91412 0.523102
c 10.6168 -5.24393 0.28015
p22 10.0185 3.79919 0.124847
e 0.0 0.0 1.0