p11 10.332 4.43052 0.0983306
p21 11.8335 -1.06525 0.839198
c 11.9175 -9.59685 0.184118
p11 10.0422 2.32063 0.398877
c 11.0654 -8.30116 0.74929
p21 11.5784 7.4575 0.646107
c 11.3456 -1.48064 0.504166
p11 10.9621 6.845 0.522141
c 10.2062 3.00046 0.168432
c 10.5152 -10.1469 0.793176
p22 10.4005 8.03491 0.604572
p11 10.5869 0.024415 0.717704
p21 10.108 9.42381 0.495224
c 11.3889 -10.2546 0.714316
p22 10.6931 5.85986 0.404675
p12 10.6601 2.25562 0.671377
p11 10.3053 8.62056 0.162725
c 10.4132 -8.6813 0.822565
p22 10.0209 -0.00213623 0.563616
p21 11.3322 7.76513 0.481094
p11 10.7232 4.26466 0.602557
p21 10.8569 8.14386 0.528306
c 10.0057 0.428114 0.778924
c 11.757 -3.10959 0.195898
p12 10.8933 8.99228 0.100223
c 10.0326 -3.46556 0.534654
p22 10.0728 7.54479 0.451003
p21 10.178 0.820643 0.8446
p11 10.0198 8.78048 0.792383
p12 10.0613 4.79202 0.686911
e 0.0 0.0 1.0