c 11.8827 -4.5005 0.132817
c 11.7311 -8.96988 0.341227
c 10.3308 -1.34147 0.183782
c 10.2775 11.1548 0.246559
c 11.0512 -7.02304 0.0381787
c 11.3399 5.75079 0.555345
c 10.1857 -4.12329 0.571429
p11 11.5373 3.98999 0.76278
p22 10.4206 -2.63512 0.947996
c 10.0192 4.11817 0.475509
c 10.3613 9.39323 0.955138
p12 10.0803 -3.68001 0.884487
p22 10.0983 -8.78729 0.883602
c 11.9304 5.76617 0.234901
c 10.1082 -3.98999 0.0875576
c 10.5056 11.4785 0.367779
c 10.564 1.10709 0.985565
p11 10.1056 -5.87063 0.720298
p21 10.105 0.0273752 0.0574053
c 10.5405 8.8168 0.305185
c 10.5018 -11.6938 0.76516
c 10.4233 0.635396 0.436445
c 10.5952 6.87875 0.337382
p12 10.0756 -2.11167 0.392895
c 10.3362 -10.6721 0.858303
p21 10.0156 -6.15293 0.840449
c 11.5581 1.04849 0.249458
c 10.6583 11.3847 0.826289
p12 10.0817 -5.79342 0.0994903
c 10.6035 0.104374 0.630818
p22 10.0532 -7.54457 0.485427
c 10.833 5.88629 0.397351
c 10.2346 0.717429 0.0296335
c 10.618 10.3146 0.540696
c 10.2427 -11.7378 0.32728
p11 10.0727 0.214454 0.901791
p21 10.0605 -3.99893 0.800623
c 10.5023 -9.37346 0.537522
c 11.8937 9.26066 0.418714
p11 10.0945 -2.08481 0.698538
pu 10.1365 4.01196 0.231635
p21 10.0314 -0.137424 0.460768
c 10.0121 8.77212 0.658315
c 10.5586 -5.61455 0.118259
c 11.7939 -9.79241 0.417829
p11 10.0933 0.428389 0.693777
c 10.7155 -9.04972 0.598102
p22 10.0023 -1.57515 0.339793
c 11.9894 9.33683 0.587817
c 10.6757 -8.52748 0.489853
p11 10.0547 -1.82571 0.936003
c 10.7901 7.74816 0.54561
p21 10.0184 -4.32914 0.734794
c 11.0805 -11.4485 0.358989
p12 10.1121 -5.60909 0.641774
c 11.0841 7.87121 0.717917
c 10.0218 1.79046 0.213202
p22 10.1102 -7.85311 0.333598
c 10.1629 11.1584 0.580645
c 11.3515 -3.39744 0.146641
p12 10.0247 -9.22706 0.115696
c 10.0756 2.42988 0.451888
c 11.5304 6.51619 0.755913
c 10.3487 -8.88345 0.0954314
c 10.95 -4.16504 0.914365
p21 10.0801 -0.0312204 0.638234
p12 10.0496 -6.87988 0.61803
c 11.4218 4.95242 0.225562
c 11.8143 -11.8791 0.880154
c 10.221 9.82904 0.945524
p12 10.0895 -1.11331 0.0932951
p22 10.0634 -5.28346 0.619678
c 11.2473 4.66457 0.750664
c 11.8559 -9.42033 0.0800195
c 11.2008 11.5532 0.896878
c 11.7248 -10.8142 0.556475
p11 10.0474 -4.93066 0.393445
p21 10.0543 0.312113 0.614917
c 11.3387 8.3495 0.747185
pu 10.7536 -5.8504 0.87582
p12 10.1144 -0.808832 0.535295
p21 10.0595 -8.68657 0.50267
c 11.1906 6.10749 0.821589
c 10.1763 -0.261116 0.671438
c 10.5141 6.18659 0.940092
p21 10.1101 -0.0144348 0.338542
e 0.0 0.0 1.0