c 11.5672 2.32734 0.00250252
c 11.1859 7.95911 0.24192
p11 11.7664 -4.73937 0.926115
c 10.7158 4.88137 0.0727866
p21 11.835 -0.281533 0.466353
p11 10.2321 6.98157 0.946135
p22 10.5965 1.13422 0.903256
p21 11.1801 -2.42912 0.173193
p12 10.4389 6.3419 0.991302
p21 11.1769 -0.371257 0.0771508
c 10.2317 -4.84988 0.369152
p12 10.3168 1.10096 0.57622
p21 10.6262 6.81311 0.77337
p22 10.5562 -2.52007 0.997955
p12 10.0178 5.77425 0.215033
c 11.0125 -11.3745 0.849391
p22 10.0633 4.50957 0.151219
p11 10.3862 -2.16758 0.66451
c 10.5236 9.57488 0.916288
p21 10.8123 1.68722 0.474563
p12 10.0342 6.82104 0.953612
c 10.8628 -6.79965 0.833491
p22 11.4766 -2.37052 0.473312
p11 10.721 4.88586 0.304453
p22 10.3173 -0.2855 0.0492874
c 11.2306 -10.5073 0.857387
p11 10.9695 6.38524 0.870632
p12 11.2922 -0.236976 0.271706
c 10.0548 7.06626 0.176916
c 10.08 0.102909 0.646596
e 0.0 0.0 1.0
