p21 11.9904 -0.0201416 0.196651
c 11.6797 7.40465 0.361158
c 10.8997 0.241341 0.173604
p12 11.4402 -3.85278 0.48062
c 11.3832 10.5761 0.646494
c 10.6091 -6.51253 0.54632
p21 10.0587 -1.22709 0.542975
p21 10.0916 3.13096 0.711096
p12 10.0875 -2.3553 0.698498
c 10.7476 -9.02335 0.136688
c 10.5684 7.08091 0.25051
c 10.6139 11.3576 0.66837
c 10.6748 -7.69396 0.178828
p21 10.049 -2.3946 0.698571
p11 10.003 2.87729 0.372316
c 10.1932 -11.3254 0.111566
c 11.0927 8.85855 0.223752
c 11.4602 -7.1146 0.765077
p21 10.0419 -3.04379 0.158979
c 11.1529 4.29029 0.626669
c 10.8123 -10.4208 0.390163
p12 10.0582 -1.71465 0.779994
c 10.4237 3.15061 0.372609
c 11.4602 -8.33045 0.307861
p22 10.192 2.98715 0.388967
p12 10.0963 -2.98666 0.690978
c 11.2822 11.6199 0.0728437
c 10.638 1.79559 0.368043
c 10.2836 -11.2624 0.206905
c 10.9709 6.31111 0.252927
c 10.5172 1.04923 0.565095
p22 10.1005 -2.98007 0.702648
p12 10.1147 3.50279 0.0203519
c 10.9696 -11.2287 0.323242
c 11.9305 8.54726 0.10451
c 10.0164 -2.06879 0.195455
c 10.9975 9.56609 0.465165
c 11.7411 -9.1442 0.276366
p11 10.1535 -0.627704 0.0335359
c 10.1549 3.88525 0.558967
p22 10.1234 -0.804711 0.747693
c 10.0181 4.49318 0.71715
c 10.145 9.11417 0.307836
c 11.2844 -11.4587 0.659458
p11 10.006 -2.07379 0.515997
p22 10.1759 3.38609 0.444413
c 10.0596 11.1877 0.701696
c 11.4057 -8.11145 0.696666
pu 11.2719 -3.26633 0.262962
p12 10.0877 1.84893 0.286302
c 10.1989 -11.6147 0.369972
p21 10.1562 1.15775 0.459477
c 10.0438 6.00494 0.784926
c 10.8823 -3.9226 0.0265044
c 10.3648 11.0815 0.256541
c 10.3676 0.547503 0.310278
c 11.77 -10.5505 0.609042
p12 10.1637 -3.99426 0.156562
p21 10.0703 3.04575 0.126727
c 11.9336 10.0202 0.35879
c 10.0258 4.01782 0.0106592
c 11.9993 -10.8149 0.0486731
p11 10.042 -2.00177 0.70968
c 10.6969 -9.81072 0.663584
c 10.2018 -0.216437 0.38777
c 10.3989 -6.01886 0.646518
p22 10.0733 -1.12796 0.444657
p12 10.0868 3.42467 0.266697
c 10.3018 -7.65954 0.757557
c 11.325 8.99332 0.314526
c 10.6702 -2.42915 0.0188137
p11 10.0334 1.93146 0.177412
c 10.6112 -7.81921 0.599373
p22 10.1873 1.52202 0.789296
c 10.8995 -5.05057 0.554548
c 11.3796 11.3423 0.555817
p12 10.0563 -3.55406 0.59034
c 10.4946 6.76595 0.487261
p21 10.1061 2.74764 0.452689
c 10.0517 -10.3044 0.586556
c 10.3364 -0.378307 0.606185
p11 10.0325 3.76818 0.0579019
c 10.4732 -6.88827 0.479546
c 11.3011 8.49013 0.655698
p21 10.1091 1.84845 0.230539
e 0.0 0.0 1.0