c 11.8891 -3.72484 0.311621
c 10.2075 -11.6931 0.746302
p12 10.2011 2.05121 0.697497
p21 10.9459 -3.0361 0.237546
c 10.2307 -11.2551 0.558454
c 11.1656 6.42756 0.312011
p12 10.0883 -1.9942 0.328906
c 11.3131 11.4162 0.601766
c 10.1698 0.466933 0.407595
c 10.1713 -4.53786 0.569856
p21 10.1079 -0.299325 0.665
p11 10.0502 -6.6545 0.581966
p12 10.1012 -0.26661 0.506988
p22 10.0595 -7.16843 0.424905
c 11.3454 9.06876 0.309789
c 10.0101 -2.20722 0.025772
c 11.8642 -11.7012 0.170967
c 11.5875 4.35695 0.0298248
c 10.2851 11.2573 0.504473
c 11.3452 2.72945 0.506451
c 10.7113 7.09043 0.402785
p12 10.0743 -5.99774 0.709557
p22 10.002 -0.258308 0.335449
c 11.0274 -10.2114 0.657798
c 10.5772 9.44963 0.67606
p22 10.1021 -6.3625 0.761024
p12 10.0658 -1.84747 0.737879
c 11.9929 9.88031 0.216647
p12 10.0314 -6.47847 0.19128
c 11.7579 -11.9114 0.138788
c 10.352 8.09607 0.793886
p22 10.0276 -4.23182 0.198751
p12 10.0158 0.250008 0.0615152
c 10.1397 -8.72524 0.413333
c 10.4518 7.31529 0.533307
c 10.669 1.92157 0.190596
c 10.0775 -9.08634 0.538605
c 10.651 -4.49831 0.542926
c 11.9644 8.5165 0.496172
p11 10.041 -2.75716 0.277367
p22 10.0607 -7.40086 0.294188
c 10.3767 1.69964 0.27075
c 11.4568 9.1464 0.754188
c 10.1846 -4.91873 0.196529
c 10.674 10.7446 0.12785
c 11.3018 5.07327 0.0664226
p12 10.0154 -0.816187 0.5388
c 10.7489 7.7196 0.411306
p21 10.0839 -7.29344 0.19294
pu 10.2678 9.57195 0.0307038
c 10.1832 -2.4416 0.587288
c 10.6052 10.6823 0.207223
c 10.8545 -8.17151 0.161274
c 11.2694 2.39619 0.175899
c 10.6062 -10.163 0.243869
p11 10.0222 -3.63048 0.260032
c 10.461 6.09723 0.232736
c 10.8673 -9.75579 0.113177
c 10.8432 10.1096 0.0298737
c 11.7303 1.4279 0.731873
p21 10.0925 -3.23496 0.174336
p11 10.0873 -7.24216 0.587264
c 10.8357 4.44337 0.746619
p12 10.0588 -4.40321 0.803091
c 10.7018 0.179083 0.123822
c 11.3802 7.94665 0.353858
p21 10.0212 -6.40449 0.380055
c 10.1382 0.284554 0.317846
p12 10.0272 -4.25135 0.22258
c 11.8616 11.0449 0.50938
c 10.7901 -11.6814 0.119891
c 10.3202 6.0108 0.548762
c 10.9669 -7.96057 0.71969
p21 10.0281 -1.74248 0.392287
p11 10.0954 -7.15012 0.590901
c 11.0197 3.1345 0.621811
p22 10.0618 -6.8359 0.0853685
c 10.2051 8.13343 0.656773
c 11.6738 3.63476 0.442948
c 10.0034 11.521 0.261131
c 11.1393 1.77508 0.114471
c 11.0998 -8.5392 0.789687
c 10.3717 3.33152 0.0599283
c 11.3753 -2.66646 0.431937
p21 10.057 -7.15598 0.0852709
c 10.8878 7.84997 0.772596
p21 10.0839 -2.01349 0.297338
c 11.0297 -8.4601 0.28098
c 11.2773 5.95587 0.568928
c 11.1324 10.9987 0.41509
c 11.6056 -1.6176 0.156074
c 10.2557 10.0378 0.187715
c 11.6855 -7.29112 0.617147
p22 10.0742 -0.31251 0.622397
e 0.0 0.0 1.0