c 11.862 -4.11231 0.418777
c 11.8201 3.65746 0.567512
p21 11.4789 -1.84002 0.219699
c 10.061 -9.7514 0.164375
p12 11.045 3.40843 0.263426
c 10.6719 9.64959 0.307031
c 11.6163 -0.724753 0.134808
c 11.9225 -5.28056 0.22236
c 10.1923 0.433241 0.643613
c 10.2579 8.5685 0.575496
p21 10.0609 -5.35343 0.356666
p11 10.0562 -1.29618 0.0886889
c 10.6599 -11.9055 0.0749922
c 11.2677 4.094 0.216452
c 10.8509 9.99384 0.732825
p21 10.0037 -1.76641 0.385939
c 11.3077 3.46043 0.713952
c 10.0042 -1.92889 0.798037
p11 10.0329 -7.73559 0.264573
c 11.4251 9.54558 0.349122
p21 10.0559 -7.15964 0.0662761
c 11.7186 -11.8791 0.749085
c 11.6327 -0.275032 0.682481
c 10.3618 -8.57143 0.281053
p12 10.0298 -2.76595 0.449125
c 11.4713 10.8457 0.698253
p21 10.0861 -4.42225 0.0537513
c 10.9503 -9.00797 0.297753
c 10.1255 7.34532 0.682945
c 11.0351 -2.72579 0.0464269
c 10.8783 -7.32115 0.796523
p11 10.0688 -1.78277 0.571663
p21 10.0141 -7.31321 0.31499
c 10.2742 10.3842 0.456669
c 10.0624 -2.18378 0.603377
c 10.155 2.79904 0.168745
c 11.2657 -9.06217 0.398537
p11 10.0857 -2.32307 0.333984
c 10.4975 2.51705 0.0377596
p21 10.0671 -7.96387 0.793862
c 10.1478 -1.32389 0.288231
p21 10.0165 -5.92352 0.492241
c 11.0744 5.07474 0.427957
c 10.2771 9.88544 0.580647
p12 10.0533 -6.24726 0.411697
c 11.1285 0.944488 0.526129
c 10.4389 8.1305 0.739661
p22 10.0074 -5.08585 0.527789
c 10.9812 -10.2172 0.347266
p11 10.0481 -1.95538 0.207906
pu 10.006 6.44368 0.447123
c 10.4176 -11.3869 0.195553
c 10.5466 -6.72787 0.633847
p12 10.0002 -2.64412 0.730212
p21 10.0842 -7.41038 0.79894
c 11.7989 10.3403 0.119622
c 10.6908 -11.9172 0.0421787
c 11.4528 4.64626 0.77997
p11 10.0062 -4.7543 0.700622
p22 10.097 -0.486831 0.384108
c 10.7146 -9.79095 0.058732
c 11.3247 4.13575 0.402248
p11 10.0687 -2.92587 0.311279
p22 10.077 -7.15256 0.572273
c 10.169 4.53346 0.758094
c 10.8764 8.54067 0.0151759
c 10.1435 -4.48585 0.712731
c 11.1964 -9.48918 0.499395
p12 10.0574 -1.67461 0.137372
p22 10.0908 -7.10007 0.23508
c 10.5279 4.31959 0.685167
c 10.1499 8.53334 0.0316559
c 10.4028 -11.083 0.520685
c 10.7306 -0.124882 0.171797
c 10.3936 10.4355 0.758094
p12 10.008 -2.17804 0.290648
p21 10.0114 -6.6567 0.379396
c 10.227 2.15815 0.26533
c 11.5092 11.3965 0.571003
c 11.5452 6.95566 0.151655
c 10.9236 -5.54204 0.663243
p21 10.0303 -0.975616 0.170088
c 10.4053 -9.94403 0.620199
p11 10.0201 -5.42888 0.736951
c 11.6686 11.5957 0.537824
c 11.2214 6.12653 0.590511
c 10.7 -10.8757 0.605087
c 10.5101 9.34562 0.712292
p11 10.0298 -5.40275 0.102801
e 0.0 0.0 1.0