c 11.7835 0.789209 0.562849
c 10.4236 -9.36906 0.385256
p11 11.1595 3.1594 0.550788
c 11.546 9.17496 0.0959157
c 11.8003 -3.38646 0.517291
p21 11.3615 0.979644 0.585848
c 11.1248 -4.30641 0.543024
c 10.9049 5.21684 0.495098
p11 10.0338 0.506852 0.266404
c 11.3182 -8.98746 0.603182
c 11.1743 8.60146 0.103142
p22 10.0218 3.29185 0.0937428
c 10.5719 -8.08216 0.548249
c 10.8132 10.5256 0.350269
c 10.3758 -7.04648 0.465995
c 11.0501 2.07025 0.588582
p11 10.0111 -2.13434 0.75741
p21 10.0348 4.17151 0.6504
c 11.5791 10.2692 0.439139
p22 10.0233 2.01495 0.642807
c 10.4284 -9.2775 0.370729
p12 10.0151 -1.76006 0.320825
c 10.0206 -6.87875 0.428372
p22 10.0304 -1.71416 0.0269927
c 10.6181 4.62868 0.295995
c 10.8341 8.80654 0.662852
c 10.6954 -10.9489 0.0224271
c 11.0185 4.76565 0.244822
c 11.1803 -4.2002 0.296605
p11 10.0226 1.89019 0.687902
c 10.268 11.7642 0.646494
p22 10.0294 0.213386 0.329175
c 11.989 6.5616 0.0822434
c 11.4231 -10.5959 0.540314
c 10.8827 6.91537 0.128754
c 10.4376 -9.63494 0.381569
p11 10.0337 -2.34114 0.0267486
c 11.4843 11.2141 0.258665
c 11.4671 2.67452 0.21921
p21 10.0211 -2.23395 0.250217
c 10.6478 -10.2363 0.393557
c 10.1597 -0.898342 0.402248
c 11.7026 9.6115 0.0797775
c 10.2813 4.42286 0.495049
p22 10.0239 -2.66292 0.346924
c 10.4142 -11.8286 0.67628
p12 10.0043 -2.67269 0.749549
c 10.0683 -10.4985 0.145331
p22 10.0145 2.07575 0.411038
c 10.4414 10.8786 0.366359
c 10.825 -11.4162 0.0405673
p11 10.0088 1.70074 0.74806
pu 11.3257 6.31843 0.478252
c 10.6966 -9.46281 0.16042
p12 10.0335 2.41755 0.498784
p22 10.0314 -1.6834 0.639072
c 11.0289 -5.83062 0.0570962
c 11.6368 11.8037 0.350049
c 10.9976 6.07233 0.466093
c 10.5599 -10.9673 0.373854
c 11.6072 -2.95285 0.403396
p12 10.004 1.68535 0.146601
c 10.9181 11.2851 0.787807
p22 10.0174 0.623555 0.288695
c 10.5358 11.8879 0.0750899
c 11.6469 -9.58367 0.397341
p11 10.0026 -3.20444 0.120794
p21 10.0106 1.69097 0.184078
c 11.2007 -9.16324 0.416824
c 10.2509 8.71499 0.289134
c 10.5301 0.564348 0.802407
c 10.8833 -7.21348 0.138324
c 11.0628 5.15018 0.233688
c 10.7522 -10.6919 0.805361
p12 10.0154 -1.07645 0.111541
p21 10.0049 3.00546 0.725403
c 10.5117 -4.00464 0.220871
c 11.1524 11.0383 0.677574
c 10.7235 4.18409 0.597127
c 11.4745 -2.1435 0.617172
p11 10.0174 2.85067 0.475346
p21 10.035 -1.48808 0.566609
p22 10.0132 4.24329 0.172969
c 11.4714 -11.8315 0.179341
c 11.6374 11.74 0.462797
c 10.5219 -11.5312 0.752967
p11 10.0177 -3.09458 0.70321
c 10.6948 10.311 0.228757
c 11.0796 1.71062 0.757362
c 10.6044 -3.17698 0.753455
c 11.4585 10.7358 0.392043
p11 10.033 0.0190442 0.434012
e 0.0 0.0 1.0