p22 11.2052 1.36799 0.65276
p12 11.527 -3.80093 0.262856
c 10.3941 4.08521 0.221259
p12 10.4559 -3.12845 0.441054
p22 10.7265 0.521562 0.177374
c 11.9236 -8.03235 0.607501
p21 10.1644 0.103763 0.195776
p11 10.7236 6.2566 0.17304
c 11.3919 11.4888 0.657216
p22 10.2017 -3.07108 0.980193
p12 10.8747 2.9783 0.835383
p22 10.13 -0.860927 0.759514
c 10.4696 -4.83303 0.0290841
c 10.6593 9.23869 0.480636
p11 10.5868 4.32661 0.829218
p22 10.655 -3.51451 0.423109
p12 10.488 0.422071 0.192877
c 11.5949 9.10318 0.657674
p22 11.0551 4.77737 0.0328684
p11 10.2822 -1.44475 0.473281
p21 10.3225 4.50179 0.36256
c 10.0463 -9.8598 0.850765
p22 10.4379 -2.9078 0.695517
p12 11.634 4.97208 0.566546
c 10.4206 -8.00745 0.87524
p21 10.4218 5.6798 0.88525
p11 10.788 -3.1428 0.920743
c 11.4783 9.89203 0.332163
c 10.956 -9.30094 0.765862
p12 10.0567 4.38398 0.254952
e 0.0 0.0 1.0