c 11.9275 -7.98108 0.769618
c 11.4628 -3.62304 0.153657
c 10.4063 -8.59267 0.26406
p22 10.2711 2.8713 0.0162746
c 10.7259 -3.42381 0.643467
p12 10.17 1.08438 0.799697
c 10.8611 9.87005 0.233933
c 10.6441 -6.04376 0.707433
p12 10.0295 -10.3773 0.629282
p22 10.0637 -4.04505 0.334229
p12 10.0278 -9.47002 0.2499
c 10.4171 4.41188 0.435697
c 10.1079 -7.07578 0.213497
c 11.0352 8.73696 0.316284
c 10.2723 0.508683 0.375148
c 10.5449 -11.2881 0.771449
p21 10.0927 -6.50264 0.356178
p11 10.0328 -11.8932 0.0855638
c 11.6464 10.7439 0.225558
c 10.1194 3.58788 0.403908
c 10.834 7.7716 0.568147
c 10.094 -11.4924 0.267674
c 10.1674 3.29051 0.254978
c 11.5173 -7.2501 0.551789
p22 10.064 -11.7535 0.352051
p12 10.1063 -4.90249 0.425516
p22 10.0371 -10.9413 0.0626627
c 10.4713 7.41563 0.485161
c 11.8386 -0.288217 0.559406
p11 10.0663 -9.40776 0.0293121
c 10.4365 8.06824 0.293236
c 11.7334 1.1254 0.0773116
c 11.3 -3.44578 0.514825
c 10.3629 0.84048 0.803237
p22 10.1141 -4.17225 0.669664
c 11.4685 8.17005 0.301
p11 10.0701 -10.9254 0.605282
p12 10.0422 -5.5136 0.663853
c 10.6441 5.4893 0.532697
p22 10.1247 -5.12223 0.33396
c 10.4296 9.69646 0.527814
c 11.017 -11.406 0.510015
p12 10.1327 -4.59755 0.717883
c 11.2351 2.71627 0.0553871
c 10.0319 6.94906 0.068034
c 10.5314 -10.5227 0.771034
p21 10.0776 -4.99869 0.783217
p12 10.1308 -11.9625 0.623691
pu 10.6048 8.03162 0.559431
c 10.4785 -8.40736 0.650156
p22 10.109 -4.31068 0.35398
p11 10.1104 -11.0206 0.38423
c 10.2043 -6.46272 0.602865
c 10.5038 4.37086 0.424466
c 10.8341 0.356335 0.364112
c 11.3684 11.4968 0.743421
p12 10.1058 -5.52019 0.224093
p22 10.0805 -9.88287 0.142402
c 10.3275 10.4443 0.0207669
c 11.8816 5.44243 0.70487
c 10.9795 -1.82488 0.787953
c 11.4632 9.35002 0.307763
c 10.0353 2.6379 0.732971
p12 10.087 -4.50209 0.598372
p22 10.0046 -10.8531 0.227512
c 11.0591 9.31559 0.357203
c 11.3847 4.77297 0.349439
c 10.5509 -3.61351 0.240305
p22 10.1039 -9.30424 0.632919
c 11.6047 1.69598 0.569563
p12 10.0616 -8.12305 0.205758
c 11.4714 10.6662 0.572981
p11 10.0808 -11.3573 0.766664
p22 10.1469 -7.33396 0.330396
c 10.1462 2.61446 0.420779
c 11.0739 -1.40886 0.805337
c 10.8717 -10.6626 0.474858
c 10.3245 2.60054 0.331421
c 10.968 -2.3061 0.429446
p22 10.0214 -7.60961 0.192574
c 11.0742 11.0083 0.631039
c 11.9769 -2.55513 0.426297
c 11.6464 1.86077 0.468144
c 11.419 -9.79461 0.457597
c 10.4273 1.25431 0.0531654
c 10.7137 11.4338 0.587752
p21 10.0123 -11.5926 0.515142
e 0.0 0.0 1.0