p21 11.9336 -2.81368 0.479033
c 10.7575 5.97418 0.415969
c 10.6032 -8.28504 0.437284
c 11.0601 1.03165 0.454642
p12 11.949 -3.69042 0.318237
p21 10.062 0.479995 0.662998
c 10.0224 -11.4375 0.129169
c 11.8672 -6.17707 0.631406
c 10.62 3.25828 0.654258
c 10.4946 -2.38813 0.480205
p12 10.0748 -6.69723 0.45662
p21 10.1414 -0.340831 0.467753
c 10.632 3.81347 0.61246
c 10.2607 -2.90597 0.373683
c 10.3402 -9.14127 0.617343
p12 10.1039 -4.90469 0.507598
p21 10.0031 0.68923 0.325366
c 11.7182 7.70788 0.210739
c 11.2166 -11.376 0.56844
c 11.0154 7.67565 0.530475
p21 10.0822 0.575457 0.643027
p11 10.0662 -4.11292 0.0110498
c 11.0558 10.6179 0.0181057
c 11.0023 -8.68203 0.210519
c 11.4142 6.57112 0.168769
c 10.087 -11.9443 0.248289
c 10.3067 2.18525 0.0530921
c 10.0386 -4.46242 0.436063
c 11.3502 10.8823 0.48228
c 10.9565 2.21894 0.0829026
c 10.0868 -6.21662 0.212936
p22 10.1245 -1.1641 0.681285
p12 10.0165 -6.03827 0.202364
c 10.0865 11.7649 0.13122
c 10.1205 -0.826563 0.264939
c 11.4266 7.72619 0.465165
c 10.3029 -9.65618 0.307763
c 10.3034 -0.254524 0.157026
c 11.4255 8.06604 0.765394
p21 10.0774 -1.02469 0.267991
p11 10.0654 -6.54415 0.634116
c 11.5604 3.09861 0.0368563
c 11.7628 -11.1687 0.161079
p12 10.073 -1.15384 0.642026
c 10.2542 3.2678 0.310961
c 10.2444 -11.781 0.808462
p22 10.1365 -4.2953 0.447635
c 11.8881 7.59581 0.743885
p11 10.1175 0.118656 0.310742
c 10.0005 6.3968 0.467289
c 11.2059 -6.33381 0.163203
c 10.222 11.0486 0.30996
pu 11.3724 -11.4785 0.0890796
p22 10.1437 -6.34297 0.27097
c 10.2114 6.45613 0.797744
p22 10.0645 -1.78961 0.801601
p12 10.0417 -5.89422 0.440653
c 11.3241 3.89477 0.613632
p12 10.1096 -4.15589 0.300463
c 10.539 -9.31779 0.781728
p21 10.1489 -1.63921 0.529156
c 11.1048 10.7973 0.0435704
c 11.6774 3.96802 0.735608
c 10.2897 -3.84936 0.367945
p11 10.0466 0.716331 0.469145
c 10.3876 11.5364 0.570002
p22 10.0349 -6.65181 0.788588
c 10.5731 5.27983 0.551398
p12 10.0949 1.11014 0.650498
c 10.7893 -6.87289 0.0920582
c 10.3602 6.0423 0.304906
c 10.7294 -5.93609 0.249631
p21 10.0954 -0.397229 0.690953
c 10.2484 4.18262 0.135419
c 11.2771 -7.41343 0.135199
c 11.3915 11.2243 0.0508948
c 10.6239 -11.8887 0.608065
p11 10.077 -1.45073 0.508599
c 10.7136 7.94299 0.0652751
c 11.6383 2.79464 0.561946
p21 10.1492 -3.87609 0.0309967
c 10.4633 7.92175 0.347681
c 11.2778 3.03415 0.318432
c 10.3978 -1.44475 0.679308
p12 10.0021 -5.71599 0.116009
c 10.2883 10.2099 0.474467
c 10.7177 -10.7131 0.239328
c 10.7396 0.106571 0.448417
p21 10.1063 -5.20573 0.0646403
c 10.6807 -11.8674 0.234006
p12 10.047 0.448012 0.662583
e 0.0 0.0 1.0