c 11.8874 8.16346 0.181127
c 10.6364 -0.661763 0.100558
c 10.1267 5.41606 0.268899
c 11.5714 -7.97668 0.660176
c 10.3986 11.8711 0.779748
p12 10.9615 4.43898 0.419507
p21 10.2329 -4.2938 0.520218
c 10.235 6.25178 0.882839
c 11.4402 11.6682 0.998474
p11 10.0314 3.17902 0.822687
p21 10.0131 10.3832 0.449049
c 10.8634 -1.8637 0.220618
c 10.2924 -8.44838 0.641224
c 10.6008 -2.79025 0.850124
p12 10.1006 7.4214 0.136876
c 10.178 -7.07358 0.749352
p21 10.0037 5.33516 0.0903653
c 10.49 0.611225 0.73574
c 11.0992 -11.7795 0.389294
c 10.427 5.58672 0.824946
p12 10.1145 11.4605 0.661336
p21 10.0239 3.62337 0.804376
c 11.3125 -4.47414 0.240699
c 10.4733 8.36268 0.136387
c 10.2882 -5.11942 0.574328
c 11.1421 -9.45695 0.496841
p11 10.1127 6.36271 0.277413
p21 10.0651 10.7134 0.527299
c 10.4857 0.629537 0.96939
c 11.5484 -5.50761 0.573534
c 11.2683 11.4609 0.750175
p12 10.0583 5.95132 0.417554
p22 10.0808 10.2618 0.178106
c 10.3612 -11.3225 0.416242
c 11.1144 -4.27784 0.134587
c 10.0053 -0.00622559 0.621509
c 10.2217 -6.79745 0.714164
c 10.5863 4.48878 0.00952177
c 11.2947 -11.6308 0.198645
p11 10.0992 7.30604 0.854122
p21 10.0962 11.958 0.399518
pu 10.1611 -8.5414 0.809412
c 10.4556 6.38288 0.125614
c 10.9308 -3.40257 0.794122
p11 10.0533 8.20512 0.848933
p21 10.0245 3.31208 0.567736
c 10.8065 -8.16785 0.310495
c 11.388 -1.87469 0.435286
c 10.0267 11.6206 0.93469
p11 10.0773 5.94461 0.115421
c 11.3099 1.12247 0.450056
p21 10.0057 9.01141 0.57857
c 11.98 -10.8889 0.920774
c 10.9982 -3.91748 0.368908
c 10.2383 10.9812 0.978576
p12 10.1163 3.42378 0.544481
p21 10.0296 8.37541 0.933775
c 10.0786 3.17991 0.0702536
c 10.1574 -2.24091 0.727226
c 10.6578 -8.80142 0.1489
c 10.1697 9.06876 0.106449
p12 10.006 3.61208 0.918149
p22 10.075 10.5892 0.444716
c 10.0573 -3.23557 0.273354
c 11.2218 -7.64855 0.646962
c 10.1041 -11.8308 0.974639
p12 10.093 6.16587 0.480758
p22 10.0509 10.5831 0.333689
c 11.6219 -3.06784 0.221381
c 11.9158 1.55461 0.017304
c 10.3353 -7.35191 0.8905
c 10.9333 6.45027 0.993164
p12 10.0742 11.0458 0.032899
c 11.6777 -11.8022 0.199316
p21 10.0959 6.18204 0.588885
c 10.895 -11.7612 0.766381
c 11.179 1.29753 0.0355846
c 11.9385 -6.39167 0.939756
p12 10.0047 7.58467 0.706473
p22 10.0502 11.9265 0.970855
pu 10.0265 1.61321 0.278115
c 11.5636 -7.3607 0.0208747
c 11.4645 -3.14402 0.941099
p11 10.0602 7.96555 0.410779
p22 10.0158 3.19947 0.775292
e 0.0 0.0 1.0