c 11.7403 -5.04105 0.691368
p21 10.8042 -0.287729 0.419046
c 10.3342 -6.46638 0.495195
c 10.5323 5.523 0.204708
p11 11.2462 -1.34953 0.254563
c 10.2369 -9.59758 0.523004
p11 10.0013 -1.32353 0.178023
c 11.2423 2.8254 0.228342
c 10.2393 -6.31916 0.66771
p21 10.0042 -1.98639 0.716125
c 11.8005 -10.3535 0.212985
c 11.8643 10.3117 0.119012
c 10.8208 -11.2141 0.393532
p11 10.0085 -5.76165 0.130096
c 10.2456 11.8301 0.592586
c 10.4591 7.09702 0.541608
p21 10.0008 -6.35835 0.504424
c 10.8166 1.59416 0.66334
c 10.0588 9.43205 0.711096
p12 10.0032 -6.63717 0.310668
c 11.9232 -11.102 0.289696
c 11.2766 -1.43083 0.650889
p22 10.0063 -5.99335 0.22756
c 11.3029 10.5461 0.235715
c 11.3492 2.46211 0.786464
p11 10.007 -8.70949 0.0811692
c 10.4977 11.7678 0.562629
p12 10.0042 -1.53227 0.411746
c 11.4837 7.01865 0.123285
c 10.6663 -10.9775 0.222091
p21 10.0084 -5.3361 0.127313
c 10.799 11.6514 0.192037
c 10.6492 -10.4904 0.24863
c 10.2302 3.46043 0.622592
c 10.6547 -0.964995 0.326269
c 11.474 -11.748 0.326636
p12 10.0057 -3.3983 0.541486
c 11.3674 5.66949 0.806362
p21 10.0072 -3.10385 0.220993
c 11.2875 -9.68181 0.399978
p22 10.0023 -2.14777 0.623129
p11 10.0057 -7.91552 0.400539
c 11.8383 2.67965 0.734216
p12 10.0081 -3.90051 0.586092
c 11.4873 -9.20719 0.103045
c 10.5667 5.18387 0.660166
p22 10.006 -6.07929 0.46624
c 10.6489 -0.161504 0.765663
p12 10.0036 -7.25291 0.615756
pu 10.3051 1.288 0.643125
p22 10.0092 -2.9266 0.154975
p12 10.0006 -7.14499 0.720642
c 10.2225 -11.9824 0.0240629
c 10.4664 -2.0329 0.770033
c 11.3773 11.0266 0.0737715
p12 10.002 -8.52492 0.306689
c 11.8114 3.98633 0.440213
c 10.825 8.58828 0.153803
p21 10.0115 -1.78155 0.406985
c 10.548 -11.2844 0.505035
c 11.5155 -7.07285 0.336792
c 11.3695 3.05466 0.351075
p11 10.009 -2.9415 0.62999
c 10.5924 -8.04553 0.148481
c 11.1104 9.18302 0.257029
p22 10.0093 -1.47026 0.368312
c 11.8188 3.5996 0.725549
c 11.5579 -7.8573 0.20776
p12 10.0115 -1.33256 0.417508
c 11.8737 10.8105 0.601717
c 11.8868 6.55428 0.277489
p22 10.0082 -6.19306 0.65167
c 11.4046 -11.8447 0.796499
p11 10.0004 -5.43889 0.474882
c 11.3384 10.8999 0.267894
c 10.7584 3.18796 0.638095
p21 10.0007 -6.38545 0.5701
c 11.6715 -11.6997 0.462138
c 10.8207 11.2925 0.496929
c 10.6278 -0.119754 0.269236
c 11.5895 5.42631 0.118377
c 11.0655 -10.4172 0.224704
c 10.5974 5.65777 0.245749
c 10.6274 -8.99258 0.655576
p21 10.0095 -1.85992 0.463432
c 10.8076 6.84433 0.373439
c 11.3099 -6.88461 0.228097
c 10.0118 8.44325 0.762001
c 10.7009 -6.837 0.621982
c 11.4434 2.49947 0.123895
p22 10.0012 -8.9368 0.147602
e 0.0 0.0 1.0