p11 11.9765 1.23307 0.519659
c 11.1055 -10.7556 0.464775
c 10.636 9.34196 0.0183499
p21 10.0302 -2.36396 0.248093
c 10.1417 -9.16178 0.313207
p21 10.0282 3.91492 0.45767
c 10.3795 -2.41743 0.528448
p11 10.1694 3.18247 0.0928639
c 10.2723 8.69668 0.662535
c 10.2279 -4.96927 0.112786
c 10.0004 1.58464 0.359937
c 10.0602 -7.51598 0.228488
c 10.5773 10.9094 0.791079
p22 10.0845 0.12183 0.166914
c 10.3623 -10.3879 0.315234
p11 10.0096 0.324473 0.187154
c 10.5799 -5.03885 0.455766
p11 10.1128 4.76235 0.0597086
c 11.2733 10.1052 0.396145
c 10.2008 -5.01614 0.394997
c 10.969 -9.29362 0.706579
p21 10.1386 -1.82891 0.545881
p12 10.1766 2.51668 0.0721357
c 10.5257 -11.7854 0.256248
p21 10.107 3.9762 0.717663
c 10.3847 -0.823633 0.194967
c 10.5983 -7.83166 0.785463
c 10.3309 2.88546 0.716516
p12 10.147 -1.95685 0.740955
p21 10.1483 3.82946 0.634311
c 10.551 -10.8794 0.379835
p21 10.0482 0.720726 0.456351
c 10.3843 7.51744 0.198067
c 10.7502 -11.3437 0.0831956
c 11.7136 -5.9588 0.0654949
p11 10.0928 -1.86895 0.058146
p21 10.1742 2.58602 0.740198
c 10.8991 -8.04627 0.494976
c 11.8586 10.0663 0.484648
p11 10.0518 -1.43413 0.597274
c 11.3794 10.8713 0.271336
p21 10.1266 4.45619 0.196261
c 10.2011 -0.467666 0.417239
c 10.213 8.1869 0.440506
c 11.0984 -5.04031 0.669151
p11 10.0045 0.436537 0.563874
c 11.5152 11.866 0.561262
p21 10.1296 1.12845 0.582283
c 11.0548 8.39052 0.246677
p21 10.0322 3.82897 0.265818
c 10.5541 -4.18043 0.409475
p11 10.0523 0.486832 0.545978
pu 10.0961 -7.59215 0.69591
c 10.6941 5.38456 0.790517
p22 10.0693 -1.25248 0.795327
p12 10.0082 4.26356 0.513555
p12 10.073 -0.248542 0.493462
c 11.185 -7.63903 0.161274
c 11.2432 9.97772 0.592879
p21 10.1608 3.22056 0.295775
p12 10.0837 -2.5323 0.621151
c 11.3843 -9.62615 0.764588
p21 10.0448 -1.92437 0.535724
c 10.3228 2.45625 0.717004
p11 10.1169 -2.45296 0.44036
c 11.3328 8.63076 0.2019
c 10.831 -11.7048 0.554475
c 11.1643 7.48888 0.730798
p21 10.0939 0.0993688 0.217135
p12 10.0567 4.49965 0.502373
e 0.0 0.0 1.0