p12 10.1287 -3.59279 0.913724
p21 10.8249 1.98111 0.458632
p21 11.0197 -7.51335 0.0184942
c 11.0681 9.76458 0.866482
p12 10.6438 1.39348 0.611957
p12 10.9453 -4.80453 0.60152
p22 10.3367 1.02542 0.656087
c 10.5079 -10.9424 0.838343
p11 11.8997 -4.79507 0.617725
p22 11.4723 0.537126 0.142735
p12 10.5224 -3.5728 0.921445
p11 10.4277 0.0262461 0.560778
p21 11.8328 -7.85516 0.540544
p11 10.1459 -3.97504 0.467574
c 11.6916 5.95148 0.368175
p11 11.2076 -7.53166 0.36024
c 10.5194 6.34187 0.224189
p11 10.0261 1.05564 0.599719
p22 10.118 -7.71416 0.71688
c 11.3188 10.8098 0.704886
p11 10.6165 -3.5081 0.458174
p21 10.6398 -8.26594 0.780023
p21 10.729 0.823084 0.430219
c 10.08 11.217 0.286447
c 10.3262 5.96393 0.837581
c 10.9596 0.234016 0.125004
c 10.7243 -3.76513 0.611621
p22 10.6839 0.933256 0.908841
c 11.2202 11.2156 0.836177
pu 10.8838 6.06867 0.0996124
p22 10.236 1.36235 0.078341
e 0.0 0.0 1.0