p11 11.9984 2.69576 0.116546
p22 10.312 -3.43651 0.384377
c 10.7621 -7.44859 0.627573
c 10.3515 -2.50752 0.0223539
c 10.6164 9.46355 0.411819
c 10.2272 -4.63527 0.459794
c 10.6906 -10.9189 0.0933766
c 10.7396 10.9863 0.806484
p12 10.1254 3.04526 0.122552
p21 10.1 -1.2266 0.414309
c 10.602 7.83239 0.557941
c 11.8835 -11.918 0.420828
p12 10.1552 1.40483 0.329394
c 10.4564 -4.08814 0.39778
c 11.2306 8.42128 0.785317
p22 10.102 1.75201 0.239792
p11 10.1177 6.27656 0.642685
c 11.3436 -3.09934 0.139667
p22 10.0505 1.86822 0.540094
c 11.3174 -6.21662 0.198092
c 10.0774 6.04157 0.397316
c 11.3942 10.8347 0.430838
c 10.5473 -8.93326 0.613754
p12 10.0197 0.291513 0.805923
p22 10.0347 5.45964 0.691759
p12 10.0035 0.567401 0.409719
c 10.3574 -11.2734 0.335791
p22 10.1129 5.5844 0.669615
c 10.7121 -5.69366 0.630014
c 10.2533 10.7468 0.0542396
c 11.1418 -10.9658 0.644468
p12 10.0359 -0.478285 0.311205
c 10.5705 -7.67199 0.546027
p22 10.1376 4.03967 0.619857
c 10.9715 -2.71407 0.0954274
c 11.6157 9.02555 0.0639079
c 11.182 -9.20426 0.117669
c 10.8877 10.5498 0.657627
c 10.5463 6.05841 0.217062
p12 10.1541 0.0039072 0.030069
c 10.5837 -4.92312 0.181783
p22 10.1112 4.6581 0.0776534
c 10.9289 -10.9431 0.412307
c 10.3989 10.4003 0.253513
c 10.5498 3.68603 0.760682
p11 10.0068 -0.898708 0.183394
c 10.3353 -6.82821 0.386135
c 10.1281 -0.412 0.152558
c 10.8553 8.79189 0.241526
p12 10.002 1.2327 0.299389
p21 10.1436 5.27897 0.241477
c 10.7087 -4.84402 0.366554
c 11.7933 -8.85708 0.349463
p12 10.1962 0.81277 0.769667
p21 10.106 6.18427 0.615707
p11 10.0385 0.625264 0.569758
p22 10.0221 5.30949 0.677159
pu 10.3341 11.25 0.456449
p11 10.0764 5.97845 0.315014
c 11.2392 -8.53188 0.470121
c 10.205 0.699851 0.770839
p21 10.0428 5.71673 0.733386
c 11.4725 -6.46785 0.264524
p11 10.0797 1.18192 0.344239
c 11.881 -11.748 0.365065
c 11.8929 -7.60094 0.7589
p12 10.109 1.74712 0.0426426
p22 10.1962 6.23945 0.780287
p21 10.125 -0.322031 0.244944
c 10.0579 7.64635 0.4752
c 10.297 -5.26957 0.612435
p22 10.1221 6.28584 0.603988
e 0.0 0.0 1.0