c 11.7998 -0.902005 0.24131
c 11.3645 -4.95315 0.386822
c 10.0788 3.04733 0.714927
c 11.1477 -5.86505 0.429182
p11 10.1457 -1.59932 0.564074
p21 10.887 4.84619 0.855953
c 11.347 -7.57384 0.297708
c 10.4082 11.1218 0.110446
c 10.1185 3.81274 0.660665
c 11.342 -3.66625 0.481399
p11 10.0035 1.7972 0.278237
p22 10.0521 -2.59716 0.535142
c 10.5681 7.14756 0.132511
c 11.2221 -11.7341 0.98999
c 10.8833 2.54634 0.431013
c 10.4429 -9.60198 0.127415
c 10.4036 -1.66594 0.26368
p11 10.0444 3.42415 0.745903
p21 10.0523 -3.61831 0.503769
c 11.0128 9.67303 0.77929
c 10.769 -8.14368 0.288308
c 10.1973 3.91308 0.779809
p12 10.0193 -4.50792 0.153996
p22 10.0549 1.38704 0.74395
c 10.7179 9.67376 0.762535
c 10.6532 -7.46178 0.727622
c 10.4642 8.6476 0.0316782
c 11.0331 0.11829 0.9429
p12 10.0405 -4.76458 0.404187
p21 10.0464 -0.421796 0.254982
c 10.4136 4.67702 0.408979
c 11.0566 -9.62395 0.241371
c 10.1566 -5.09378 0.712485
c 10.5798 3.04953 0.573107
p12 10.0446 -4.52196 0.695303
p22 10.0451 3.00543 0.218085
c 10.5852 -9.09146 0.350383
c 10.9344 10.4685 0.832453
c 10.6326 0.87344 0.914731
p12 10.0232 -3.88656 0.294198
p21 10.0396 1.13465 0.68337
pu 11.5646 7.65661 0.996277
c 11.3321 -7.50719 0.641957
p11 10.046 3.94052 0.0401013
c 11.6297 -2.93234 0.726157
p21 10.0062 3.73696 0.0810572
c 11.5789 10.1484 0.61153
c 10.5626 -5.62554 0.302683
c 11.2859 -11.6389 0.217261
c 10.0961 -0.97232 0.544572
p12 10.0308 -5.70974 0.318125
c 11.5393 7.62877 0.516129
p22 10.0389 -0.710807 0.381909
c 10.3092 11.0976 0.195135
c 11.0717 5.39628 0.448073
c 10.6545 -5.63506 0.741386
p11 10.0266 0.164769 0.970306
p21 10.0077 -5.72713 0.848506
c 11.0143 8.43226 0.0161748
c 11.2545 -11.937 0.541337
c 10.5226 10.604 0.619434
p12 10.0282 1.17981 0.514756
p22 10.0134 -5.36335 0.129124
c 11.4794 -11.0676 0.433149
c 10.6518 8.85415 0.48323
c 10.2318 -9.63933 0.553392
c 10.1877 8.39345 0.608997
p11 10.0534 -2.92187 0.596637
p22 10.0137 2.6505 0.486343
c 10.5865 -8.06531 0.900571
c 11.8282 7.18638 0.965575
p12 10.0483 -0.236549 0.549486
p21 10.0401 -5.35908 0.799249
c 11.9868 -10.4604 0.798914
c 10.0571 5.29594 0.296945
c 10.2681 -0.294076 0.81225
p11 10.027 -4.99866 0.434309
p22 10.018 0.988464 0.962188
pu 11.8472 -9.73748 0.520737
c 11.54 5.25272 0.634877
p12 10.0289 0.303628 0.0399792
c 10.2991 -8.63149 0.134587
c 11.1512 9.40129 0.0391858
c 10.6486 -4.27638 0.370983
p21 10.0251 0.0912199 0.278726
e 0.0 0.0 1.0