p12 11.9143 4.79202 0.412551
c 10.6473 -11.3474 0.703673
p21 10.1796 -0.719382 0.0617838
c 11.5884 -5.72369 0.45286
c 10.1003 5.06082 0.378639
c 11.5253 -8.33631 0.697326
p12 10.0983 0.943145 0.276195
c 10.3571 -11.0097 0.478007
c 10.0012 7.93054 0.523248
p21 10.0535 1.48759 0.0757002
c 10.1202 -8.67983 0.411209
c 10.9033 -3.92993 0.338452
p21 10.0849 8.45509 0.774403
p11 10.0286 3.22446 0.583675
c 11.9497 -9.42033 0.566706
c 10.7128 -4.82571 0.395314
c 10.0392 11.9985 0.659117
p21 10.1348 3.54527 0.440824
p12 10.0315 7.80346 0.401955
c 10.1552 -1.43083 0.602425
p12 10.0867 6.61837 0.295287
p22 10.0984 1.81988 0.151386
c 11.7795 -7.31455 0.612069
c 10.6237 -11.5972 0.182564
c 10.395 3.02609 0.618881
c 10.8371 -7.19956 0.742664
p12 10.1315 3.17441 0.437064
p21 10.0237 7.70946 0.259129
p12 10.0538 1.23197 0.778383
c 10.0992 -3.80468 0.686852
c 10.2335 -7.81628 0.199435
c 10.22 4.04419 0.154487
c 10.7622 9.43937 0.273607
p22 10.0153 1.93634 0.624472
p11 10.0504 5.94891 0.451322
c 10.7058 -9.97113 0.789052
c 10.9049 -3.47215 0.654844
p21 10.0153 0.893338 0.347071
c 11.7886 10.0685 0.31538
p12 10.1222 5.14689 0.198311
c 11.5995 -7.90783 0.60284
p22 10.0318 6.35591 0.0123194
c 10.2492 -3.23118 0.595858
p12 10.0133 8.53835 0.714099
c 10.9619 1.48796 0.228439
pu 11.729 -7.71007 0.778163
c 10.4517 11.7671 0.35254
p22 10.1194 4.39735 0.663169
p12 10.0959 8.45705 0.115741
c 10.8402 -7.20469 0.727087
c 10.0939 4.09693 0.100847
c 10.1058 11.3869 0.549836
c 11.1633 -2.75582 0.510821
p22 10.0928 5.5241 0.219381
c 11.2513 -8.52748 0.534284
p11 10.0637 3.9906 0.808071
c 10.8747 -0.281625 0.590535
p21 10.0229 6.52632 0.123285
c 11.6258 -5.88116 0.204684
c 10.3562 0.483047 0.106902
c 10.5253 11.8791 0.0765792
c 10.966 -7.56359 0.19941
c 10.1838 1.48137 0.0694256
c 10.1387 10.1 0.0261138
c 11.1447 -11.9333 0.480547
p12 10.1033 8.25416 0.752064
c 10.2833 -4.4756 0.0153713
p21 10.0954 2.90365 0.662876
c 10.2803 -3.98706 0.323877
c 11.1249 -8.97354 0.305322
c 10.9919 8.94497 0.23447
c 10.8664 2.93307 0.250217
p12 10.041 8.3296 0.149311
c 11.3207 -1.90912 0.580281
p22 10.0046 4.93643 0.326245
c 11.1911 -11.7305 0.630844
c 10.0884 -0.178349 0.743348
p11 10.1111 7.62206 0.49146
p21 10.1291 3.3336 0.510723
e 0.0 0.0 1.0