p21 10.4705 1.89261 0.547349
p11 10.1235 -3.90164 0.131474
p22 11.5007 5.86901 0.634693
p22 10.3629 1.84301 0.27839
c 10.4289 8.79409 0.8923
p12 10.2731 3.22489 0.0670797
p21 10.7835 -1.8247 0.800012
p22 10.1547 2.73995 0.318064
p11 10.2356 6.64144 0.808222
p21 11.1383 -0.923185 0.642994
p21 10.6931 3.0079 0.93057
p11 10.7688 -2.69936 0.791314
c 11.2918 7.85217 0.609607
p22 11.7731 1.84545 0.488876
c 10.1205 -10.1022 0.754173
p11 11.0945 4.35377 0.0430006
p21 10.5951 -1.12766 0.859554
c 10.8025 -4.84915 0.541673
p22 10.105 5.53972 0.572436
p11 10.8527 1.9306 0.784478
c 11.4172 11.7642 0.796686
c 11.8549 -10.6377 0.817927
p11 10.7797 5.40758 0.754479
c 10.512 -0.34315 0.765221
c 10.3559 5.20805 0.266182
c 11.7332 -6.32722 0.0249947
c 10.1489 11.9451 0.85406
p11 10.3364 -1.56011 0.15595
p12 10.1136 2.03986 0.00881985
p12 10.1912 6.00269 0.781671
e 0.0 0.0 1.0