p21 11.8755 3.00852 0.440604
p12 11.9326 -3.6787 0.53443
c 10.3504 -7.86315 0.474663
c 10.5397 2.59395 0.378371
c 10.2702 -5.49956 0.238425
c 10.7143 11.2544 0.151362
c 10.2814 4.05664 0.477031
p21 10.0836 -0.930936 0.469975
p12 10.092 3.48839 0.0685711
c 10.3604 8.01624 0.510772
c 11.6734 -6.38215 0.384059
c 10.4517 6.0965 0.0317292
p12 10.0376 -0.556413 0.475395
c 10.1877 -6.56014 0.714733
p21 10.0711 1.73272 0.688317
c 10.0843 -3.84643 0.602889
p12 10.0207 0.922636 0.659702
c 11.1556 6.21149 0.25134
c 10.0804 -11.3606 0.551887
p22 10.0516 0.474625 0.201534
c 10.1106 10.1184 0.499419
c 11.2772 6.04816 0.415261
p11 10.0793 1.7481 0.591854
c 10.6892 -10.7607 0.600057
c 10.8302 11.3357 0.39905
p22 10.0436 2.99667 0.0129298
c 11.8582 -3.70946 0.675719
c 11.3152 -8.52235 0.78749
p11 10.1031 2.11554 0.551325
c 11.4277 -3.41063 0.613949
p22 10.0951 6.49727 0.0793625
c 10.5959 -10.8244 0.571296
p21 10.1047 6.29585 0.377028
c 10.7421 10.861 0.575764
p12 10.0332 0.69094 0.420315
c 10.288 -5.77715 0.0591714
c 10.3942 9.32292 0.0436436
c 10.6768 -11.6616 0.627792
c 10.3016 10.6882 0.106683
c 10.6062 -4.14307 0.259593
c 10.0565 -9.81951 0.0493323
p21 10.0566 6.10663 0.691539
c 11.3337 -3.43699 0.242478
p12 10.0734 1.35478 0.141816
c 11.054 -6.80624 0.479619
c 10.4386 11.3166 0.51419
c 10.5398 -11.8623 0.499663
p22 10.0502 -0.126712 0.670054
p21 10.0704 5.04263 0.546271
p12 10.101 0.00561619 0.0180569
pu 11.9319 -8.4601 0.662388
p21 10.0188 6.65084 0.579109
c 10.0613 -4.17457 0.276878
c 10.7904 0.0501728 0.47017
c 10.4056 -7.75329 0.390871
c 10.7451 8.62929 0.517755
p12 10.0236 0.796412 0.619467
p21 10.0587 5.50237 0.741004
c 10.8401 -6.98129 0.149286
c 11.4933 10.0143 0.336743
c 10.6403 0.288218 0.544904
c 11.1907 9.75286 0.478398
p11 10.0202 -0.851588 0.272606
p22 10.1093 3.49742 0.693834
c 11.9523 -6.3404 0.0265044
p11 10.0784 -0.698995 0.215011
c 10.277 11.6404 0.17541
c 11.8278 -8.30921 0.327441
p12 10.0361 5.95306 0.266575
c 10.2458 -0.189337 0.0309235
c 11.344 -8.60366 0.793203
p21 10.0784 4.57045 0.508135
p12 10.1028 -0.573503 0.479008
c 11.4498 -6.95126 0.473491
c 10.1726 -2.77779 0.422317
c 11.5357 -7.51231 0.241281
c 10.0076 4.44777 0.614071
p22 10.0035 0.362805 0.701769
p12 10.0718 6.67623 0.802846
e 0.0 0.0 1.0