c 11.9485 -1.04117 0.569587
c 10.4893 -7.42662 0.376442
c 10.8851 -2.05194 0.477983
c 10.7473 3.49779 0.439994
p11 10.602 -3.02268 0.612338
p22 10.2366 1.07071 0.607943
c 11.3243 8.20008 0.437723
c 10.2247 -11.5884 0.268602
c 10.9153 10.2941 0.31604
c 10.6749 2.48848 0.749915
p12 10.1043 -3.93591 0.405886
p21 10.1331 1.45756 0.116595
c 10.7882 9.60637 0.727161
c 10.9712 -5.15165 0.400417
c 11.3579 0.284554 0.298217
c 10.1987 -6.75277 0.561335
p12 10.0471 2.89462 0.25051
c 11.2608 -11.4236 0.534747
p22 10.0171 2.44881 0.747498
c 10.1503 -5.16117 0.45496
c 11.9212 9.41447 0.539435
p11 10.121 1.9527 0.0752608
c 10.0584 -10.4809 0.199019
c 10.844 -5.022 0.642441
p21 10.1436 2.44685 0.267015
c 11.2151 10.5534 0.712756
c 10.2768 2.92428 0.611263
p11 10.1538 -1.74566 0.558967
c 10.6218 3.26194 0.218551
c 11.7326 11.154 0.191964
p21 10.1035 -4.41859 0.455009
p11 10.1523 1.60991 0.788686
c 11.5074 -9.29655 0.792885
p21 10.0735 2.56478 0.464628
c 10.3143 -8.64394 0.227951
c 11.4853 9.29142 0.323095
p12 10.126 2.26667 0.58138
p22 10.006 -3.58824 0.462455
c 10.2748 -11.3591 0.316479
c 10.1263 7.86462 0.294652
p12 10.0422 0.499772 0.130096
c 10.2159 -4.13355 0.481035
c 10.4219 6.01227 0.471782
c 11.3145 -10.8215 0.250364
c 10.3271 -4.61769 0.131122
p21 10.0406 0.988068 0.358155
c 11.0889 9.80779 0.219137
p21 10.1614 -3.24497 0.766761
p11 10.1463 1.32109 0.344458
pu 11.4088 -11.8769 0.294262
c 10.7526 5.44829 0.551569
c 11.2073 -4.42946 0.321313
p11 10.0958 0.484146 0.774379
p22 10.0598 -3.79015 0.808633
p21 10.0386 0.920683 0.670421
c 10.8429 6.38142 0.782997
p11 10.1238 -4.43568 0.664097
c 10.1248 0.828029 0.311694
c 10.0132 -10.3659 0.510919
p21 10.0137 -3.2291 0.249583
c 10.0523 5.30619 0.0742354
c 11.9223 11.3979 0.537335
c 10.4038 -8.756 0.475542
p12 10.1234 -3.10581 0.324512
c 10.8487 2.51412 0.591683
c 10.215 -1.77215 0.375978
p22 10.0015 2.7579 0.632822
c 11.0852 -8.63076 0.68275
p11 10.019 1.35185 0.566609
c 10.2257 11.9253 0.52984
c 11.6102 -4.80593 0.134125
p21 10.0892 2.46028 0.275145
c 10.7893 -6.61287 0.424368
c 11.9841 -10.8186 0.326977
c 10.7825 11.8711 0.763612
p11 10.154 -4.16663 0.508941
c 11.1239 0.0472431 0.60743
p21 10.1475 -4.41444 0.102996
p12 10.1403 0.100833 0.384914
e 0.0 0.0 1.0