c 11.928 6.19538 0.588655
c 10.337 -3.47142 0.132245
c 10.1222 1.6762 0.784096
c 10.557 -10.6867 0.157148
c 11.713 11.042 0.759266
p11 11.1507 -2.75753 0.684776
p21 10.8745 3.42088 0.0655681
c 11.66 -11.6162 0.142939
c 10.4496 7.72106 0.303466
p21 10.0761 2.61678 0.485014
c 10.5161 -8.98819 0.357765
c 11.6328 -2.88913 0.414041
c 10.3005 8.87832 0.436014
p11 10.1425 4.48769 0.330103
c 11.1321 -10.2971 0.362208
p11 10.0668 4.47938 0.551935
p21 10.0568 9.32206 0.797109
c 10.6146 0.919584 0.455058
c 10.195 11.0017 0.0886401
p22 10.1014 6.8945 0.256907
c 11.9069 -10.8852 0.73031
p11 10.0414 2.97494 0.258787
c 10.8962 -9.89056 0.0889331
p22 10.1044 7.15525 0.303905
c 11.1919 -5.6314 0.237815
c 10.0342 9.31999 0.0486242
c 11.2881 -10.2297 0.465922
p12 10.0292 8.61916 0.401369
c 11.4451 2.16987 0.786928
c 11.2708 -3.56078 0.386769
p22 10.0952 3.45372 0.193966
c 10.1357 8.49965 0.659654
c 11.8787 -4.78616 0.100017
p12 10.0568 2.82626 0.760316
c 10.6395 10.1528 0.36255
c 10.5176 -10.938 0.318896
c 10.797 10.6486 0.172651
p22 10.1072 4.44447 0.459599
p11 10.0764 8.7239 0.102386
c 11.5848 -3.48607 0.655259
p12 10.0413 6.56636 0.635507
c 11.6107 11.1555 0.464482
p12 10.0491 3.76086 0.573298
p21 10.0576 9.41557 0.685948
c 11.34 -5.22489 0.540753
c 10.5164 8.39345 0.463285
c 10.1044 2.27827 0.418264
p12 10.0201 7.39476 0.499004
p21 10.0058 2.77718 0.50274
p12 10.0039 6.936 0.241428
pu 11.6745 -10.0524 0.543195
p12 10.0037 4.51601 0.634409
c 10.7849 -11.4001 0.703088
p22 10.1226 6.83517 0.684801
c 10.5201 -1.63445 0.236325
c 11.0064 -6.62386 0.241281
c 10.0153 5.21171 0.387038
p12 10.0023 9.54839 0.396682
c 10.7082 -0.0223389 0.346265
c 11.2786 -7.50792 0.685094
p22 10.0281 3.85144 0.0524085
c 10.2621 -4.54445 0.57657
p12 10.0851 8.06494 0.0606363
c 10.6721 -0.317514 0.445389
p11 10.0023 4.0238 0.367018
c 10.3487 -2.34053 0.68358
c 11.8956 -10.3286 0.496978
p22 10.033 8.84841 0.315991
c 10.178 -3.89697 0.727869
c 11.6594 2.1457 0.0723798
c 10.4704 -11.3533 0.0799728
c 10.3447 3.33885 0.52713
c 11.8666 11.3891 0.296264
c 10.1764 -6.36384 0.514923
p21 10.0969 8.68557 0.654966
c 11.8347 2.35737 0.531598
p22 10.0576 6.66085 0.308593
c 10.0649 -1.57146 0.264622
c 11.9598 -9.83782 0.419387
c 10.5943 8.66225 0.57574
c 11.3428 -8.923 0.396535
c 10.7425 0.58266 0.386769
c 11.541 -5.04398 0.463261
p21 10.085 10.0118 0.685118
e 0.0 0.0 1.0