c 11.8632 1.27042 0.342188
c 10.6631 -9.10245 0.632382
c 10.0363 9.29875 0.544977
c 10.5857 4.09912 0.553962
p11 11.971 -1.27824 0.355909
p21 10.667 3.30491 0.132855
c 10.6648 -3.20481 0.0866869
c 10.4531 -7.63683 0.620834
c 10.898 6.94394 0.58492
c 11.0115 2.56539 0.766175
p12 10.0621 -2.25813 0.474663
p22 10.0324 2.64144 0.448734
c 10.3261 11.918 0.380568
c 10.9915 -8.53188 0.752137
c 11.1456 3.63695 0.287816
c 10.6049 -0.449354 0.217526
p11 10.0936 4.19105 0.18691
c 10.5089 -6.36384 0.655186
p21 10.038 -0.989776 0.463334
c 10.2071 -8.17078 0.689855
c 11.5466 9.35734 0.294042
c 11.065 0.273568 0.337891
p12 10.0745 5.24894 0.235251
c 10.0994 -7.89026 0.263108
c 10.7351 -2.18891 0.589925
p21 10.0594 3.1185 0.0529945
c 10.2997 -10.5 0.11679
c 10.3214 -6.18806 0.0121485
c 10.6314 8.45058 0.696129
p11 10.0332 1.83673 0.786269
c 11.8928 -10.957 0.194869
c 11.8696 -5.03592 0.483037
c 11.6943 -11.3262 0.238401
p22 10.0932 2.90121 0.165083
c 10.7746 9.46721 0.283153
c 11.088 -1.36051 0.313964
c 10.1147 9.15592 0.708801
p11 10.0624 -1.24223 0.787245
c 10.0295 11.685 0.0741621
c 10.3596 -9.87664 0.587093
p21 10.0991 -1.49638 0.164765
c 10.4075 4.60012 0.307641
p12 10.0372 0.271493 0.715808
c 10.3661 7.19517 0.459623
c 10.668 -10.2685 0.0781906
c 10.5203 -4.5049 0.406033
c 10.4718 5.98883 0.106097
c 10.6763 10.3967 0.201241
c 11.3784 -9.20499 0.356251
p22 10.0972 -1.3477 0.707311
p12 10.0944 4.26234 0.558674
pu 11.0198 -7.32334 0.541071
p11 10.0632 2.42268 0.649814
c 11.0653 -8.01184 0.642636
p21 10.0861 1.41362 0.429813
c 10.6725 6.72347 0.625107
c 11.0676 -8.74062 0.119745
c 10.0443 -2.55586 0.258128
p12 10.081 3.01572 0.789345
c 10.6511 -8.05139 0.747938
p22 10.0224 -1.47856 0.178633
c 10.3883 9.10758 0.259934
c 10.4064 5.00076 0.544465
p12 10.0217 -1.29057 0.0571206
c 10.6427 9.02994 0.493804
c 10.1809 -10.9709 0.695788
c 11.2663 8.72158 0.283006
p22 10.0065 -2.40095 0.665708
c 10.2921 3.11472 0.363282
p12 10.0574 -1.22758 0.444852
c 11.7849 11.4243 0.2739
p21 10.0358 4.78872 0.668126
c 10.4501 -5.69732 0.720446
c 10.3122 4.91946 0.392629
p22 10.0768 -0.641865 0.700622
p12 10.0772 4.99673 0.300805
c 10.642 -8.8395 0.116278
c 10.2343 -2.66793 0.487773
c 10.2877 6.62386 0.672349
c 10.7392 -6.12287 0.203878
c 10.4801 11.2346 0.515948
p21 10.002 5.16691 0.439212
p11 10.1 -0.775902 0.49522
c 11.4628 -9.26212 0.537287
c 10.1262 -3.52562 0.278368
c 11.6343 5.15458 0.114715
p11 10.0897 0.685324 0.051847
c 11.5242 11.0713 0.780531
p21 10.0301 1.14042 0.212911
c 10.4528 6.48543 0.493755
c 10.2692 -8.83438 0.288988
p21 10.023 -0.737083 0.717517
e 0.0 0.0 1.0