c 11.7874 4.69973 0.351539
c 10.8531 -9.32218 0.331274
c 10.0778 9.67669 0.343311
c 10.2825 4.97806 0.447587
c 11.534 -8.76846 0.318335
p11 10.7476 -2.91696 0.130609
p21 10.4442 1.36857 0.0980886
c 10.9585 -11.707 0.609139
c 10.2257 4.51808 0.660508
c 11.2616 -8.01111 0.625693
c 10.0471 0.35194 0.189254
c 10.7103 6.68538 0.752796
p11 10.0208 0.990752 0.206612
p22 10.0304 6.49727 0.148383
c 10.9981 -5.90533 0.533087
c 10.2064 7.13877 0.794619
c 10.2523 -0.896145 0.0163234
c 10.239 -9.95721 0.715612
c 10.3039 0.275765 0.399465
p12 10.0441 6.04218 0.725452
p22 10.0156 1.31474 0.755311
c 10.3853 -7.92248 0.133856
c 10.434 11.3423 0.335645
p11 10.0035 1.70879 0.366774
c 10.2716 10.0107 0.429983
c 11.4652 -5.7354 0.0465734
c 10.0543 0.795801 0.210055
c 10.697 -11.3738 0.545295
p21 10.0162 5.81854 0.336865
c 10.5043 -2.14423 0.122137
c 11.9152 11.6909 0.268431
c 10.6689 -7.31382 0.150849
p22 10.0167 5.36051 0.655796
p12 10.0217 1.03787 0.741858
c 11.0057 -8.31068 0.253489
c 11.8955 -4.30128 0.29641
c 11.0266 8.8168 0.27766
c 10.7338 4.31739 0.619589
p22 10.0394 8.32569 0.729089
p12 10.0441 1.5584 0.519903
c 10.0803 -5.53471 0.480522
c 10.0062 9.49651 0.136664
p12 10.0242 1.16874 0.218429
c 10.6225 -10.4121 0.353419
p22 10.0284 2.78475 0.643662
c 11.5454 8.75307 0.610726
c 11.344 -11.9019 0.526691
c 10.3005 -7.05161 0.476933
p11 10.0001 1.40239 0.791249
p21 10.0035 5.48381 0.325854
pu 10.4166 -5.07694 0.543439
c 11.8101 9.74114 0.739978
c 11.9768 1.236 0.756898
p12 10.0396 6.31611 0.651035
p21 10.0104 2.2447 0.18376
c 11.657 -3.66405 0.750037
c 10.5062 -11.655 0.456181
c 10.778 -7.52989 0.062443
c 11.3966 1.93622 0.29121
c 10.0452 -4.56862 0.0952321
c 11.0799 7.9657 0.558503
p12 10.019 0.844752 0.424319
p21 10.0414 7.62596 0.412771
c 11.1471 -4.37745 0.271629
p11 10.0197 2.67342 0.0425205
c 10.017 7.34752 0.512774
c 10.2144 -4.75466 0.405666
p12 10.0033 3.03598 0.209518
c 10.3264 9.78948 0.563264
c 10.3794 -3.28391 0.201241
p21 10.0111 7.92505 0.254002
c 10.8029 3.68822 0.802798
c 10.3298 10.5358 0.630746
p11 10.0248 1.82672 0.359767
c 11.4946 -11.5349 0.400588
c 10.478 -2.39619 0.15246
p21 10.0302 4.20032 0.237815
c 10.2164 -8.41542 0.228439
c 10.075 -1.82122 0.384133
p11 10.0404 6.79415 0.657847
p22 10.0107 1.10697 0.736902
c 11.5198 -2.99313 0.757728
c 11.8538 -10.3088 0.0878344
c 10.2405 10.2421 0.790078
p12 10.0372 1.51396 0.11015
c 10.8433 -5.79107 0.58094
p21 10.0326 5.49235 0.740662
c 10.9098 -5.56694 0.191939
c 11.6302 -11.9326 0.766566
c 10.1571 4.63161 0.422049
c 10.5418 -1.20817 0.756141
p22 10.0046 6.61129 0.442997
e 0.0 0.0 1.0