c 11.8024 8.7875 0.795556
c 10.2603 -6.37336 0.761132
c 10.7155 11.7781 0.112796
c 10.4459 3.20188 0.464553
p11 10.2322 -3.67275 0.564684
p22 10.0063 3.54823 0.142644
c 10.2921 7.64928 0.801843
c 10.8778 -9.18229 0.122318
c 10.5382 -2.4438 0.689261
c 11.067 11.885 0.704459
p12 10.0081 4.46226 0.861812
p21 10.0486 9.98917 0.797479
c 10.4772 -11.1255 0.900235
p11 10.0476 10.2873 0.105014
c 11.6294 1.12467 0.432264
c 10.7333 -6.56819 0.669424
p22 10.0483 9.45753 0.390454
c 11.0262 2.04975 0.49855
c 11.7646 -1.9765 0.154881
c 10.8578 -6.01373 0.592059
p11 10.0001 9.42366 0.278054
c 11.1021 1.46086 0.563311
c 10.629 -4.70046 0.254921
p22 10.0568 10.125 0.770592
c 10.6063 -8.79702 0.268715
c 10.1492 1.6513 0.0136723
c 10.0981 -4.00098 0.845851
p12 10.0202 5.68087 0.841243
p22 10.0198 11.7907 0.113529
c 11.0368 -11.5708 0.556352
c 10.2268 -2.62178 0.317881
c 10.0701 4.61037 0.697836
p12 10.0292 9.34584 0.3202
c 10.191 -4.42653 0.748314
p21 10.0538 3.89706 0.739189
c 10.0405 -3.11985 0.533891
c 11.5584 -11.4038 0.690817
p12 10.0222 5.17243 0.840968
p21 10.0288 11.9274 0.445418
pu 10.4472 -7.06699 0.0763268
c 10.8077 0.488174 0.948607
c 10.3565 7.29698 0.412824
p11 10.0026 11.61 0.70867
p22 10.0479 7.19031 0.662282
c 10.4769 -3.00705 0.340648
c 11.3944 -8.53261 0.913877
p11 10.0343 4.05973 0.956542
p21 10.037 9.93729 0.00405896
c 10.1876 -5.11502 0.325877
c 10.0982 -10.0165 0.979949
c 10.465 5.28202 0.305277
p11 10.0126 9.47157 0.098178
c 10.8118 0.150517 0.59209
c 10.2481 -7.42662 0.113987
c 10.171 4.55104 0.234504
p21 10.0431 9.47615 0.246101
c 10.2214 -0.14539 0.634358
c 10.308 -5.85846 0.824519
p11 10.0435 3.98099 0.969512
p21 10.025 10.7683 0.2537
c 10.481 -2.48482 0.620075
c 10.176 -7.32188 0.199896
c 10.0529 11.1064 0.0410474
c 11.4722 -11.4389 0.439955
p12 10.02 7.29408 0.745994
c 10.5004 -9.7741 0.0482803
c 11.1628 0.745262 0.577868
p22 10.0291 8.6491 0.191137
c 10.7675 -4.06543 0.565477
c 10.5631 -11.4492 0.645985
p12 10.0374 5.66561 0.215186
c 10.4154 -7.11753 0.582873
c 11.7534 10.5695 0.934172
p21 10.0252 4.29167 0.767266
c 11.3387 -3.22019 0.750633
p11 10.0525 6.39989 0.963378
c 10.7995 -3.13376 0.266793
p21 10.0427 9.05042 0.855922
pu 10.9319 0.677877 0.502792
p11 10.0015 11.6848 0.979644
c 10.9049 -9.61296 0.342051
p22 10.0173 5.83319 0.564318
e 0.0 0.0 1.0