c 11.8101 2.68038 0.259739
c 11.9981 -4.55177 0.380739
c 11.8509 0.252327 0.226291
p11 10.0168 -3.80444 0.437308
c 10.4553 0.376842 0.518438
p21 10.0678 -3.68017 0.134369
c 11.551 9.85101 0.322998
c 11.9451 -11.8088 0.405447
c 10.607 -4.3899 0.0830735
c 11.2774 2.02997 0.644712
p11 10.0004 6.51582 0.232687
c 10.3567 -9.24454 0.580721
c 10.0944 2.09296 0.181661
p22 10.0016 6.11933 0.397707
c 10.1809 1.05362 0.0372469
c 10.7747 -4.10279 0.748157
c 10.7127 11.154 0.51668
p11 10.0575 6.66671 0.550788
c 10.2467 -1.48283 0.0543861
c 10.1039 -8.74722 0.258494
p22 10.0461 5.94012 0.500664
c 10.2439 -0.849269 0.370485
c 10.7445 -9.02042 0.370997
c 10.1378 3.80029 0.337622
c 10.1476 -8.31581 0.0101953
c 10.4481 -3.30222 0.577083
p12 10.0067 1.17875 0.12138
c 10.5673 6.45979 0.720202
p22 10.0159 1.24564 0.470292
p12 10.0318 5.51677 0.411379
c 11.1756 -5.74493 0.377052
c 10.0224 5.29301 0.747645
p12 10.0203 -0.400403 0.114422
c 10.0588 -9.49211 0.110638
c 10.4043 11.8389 0.656333
p21 10.0175 6.02313 0.269749
c 10.5343 -9.95209 0.063737
c 10.8867 -4.25806 0.501275
c 10.1683 9.02481 0.188521
c 10.3989 1.67693 0.311157
p11 10.0121 6.59517 0.354029
p22 10.0092 -0.140385 0.644565
c 11.6016 -6.37849 0.329199
c 10.7077 3.87646 0.392775
c 11.4311 -8.15027 0.320923
c 10.2065 2.57198 0.0994559
c 10.9256 -1.54216 0.286473
c 10.4566 -7.90271 0.606356
p12 10.0265 0.321543 0.142353
p22 10.0413 5.66399 0.295482
c 10.1788 -8.29237 0.0877367
c 10.9013 11.0002 0.286376
c 10.2416 -3.13523 0.49544
c 10.161 6.54988 0.140839
c 10.8252 10.7907 0.781239
c 10.0469 -6.35945 0.190474
c 11.507 2.3376 0.209176
p11 10.0576 6.48946 0.399831
p22 10.0339 1.55303 0.432132
pu 11.3406 -9.70525 0.336939
c 10.9629 10.3754 0.711657
c 11.9885 -5.01981 0.775575
p11 10.0537 6.16083 0.391433
p21 10.0325 1.54375 0.455253
p11 10.0268 6.00482 0.423099
c 11.4058 -4.44264 0.595858
c 10.5645 1.35832 0.665513
c 10.0635 -9.03507 0.678453
p21 10.0131 5.14859 0.0372469
c 10.6425 11.9758 0.69735
p11 10.0622 0.000244379 0.540631
c 10.3142 -7.82727 0.562556
c 10.4165 7.77453 0.441874
c 11.2348 -2.71261 0.0830491
c 10.7295 -9.83343 0.0678875
c 10.0931 -4.73708 0.319067
p21 10.0341 3.96155 0.401247
c 10.0961 -2.60787 0.480083
p12 10.0624 2.09088 0.50191
c 10.7319 9.12809 0.352515
p12 10.0593 -0.513199 0.36211
c 10.918 9.16544 0.190596
c 10.6178 4.04932 0.55843
p22 10.029 -1.05057 0.626987
c 10.7778 -6.87802 0.315454
c 10.6442 8.94937 0.0325105
p22 10.0511 -0.733421 0.469804
p11 10.0304 3.32823 0.456596
c 11.0283 -8.00598 0.74264
c 10.0974 4.94729 0.570222
c 10.5492 -5.67681 0.295214
p21 10.0118 -0.356456 0.284471
c 10.4924 -9.38591 0.353223
c 11.1023 5.46953 0.46829
c 10.5454 -11.844 0.628403
c 10.6483 6.83993 0.215133
c 11.0457 -0.96353 0.520147
c 10.5838 -11.7363 0.348414
p21 10.0338 4.53945 0.0576333
e 0.0 0.0 1.0