p21 11.8928 -4.51808 0.405105
c 10.7271 1.36052 0.345704
p21 10.1152 -5.68621 0.777894
p12 10.844 3.2407 0.0748946
c 10.2429 -1.09171 0.551691
c 10.6941 -6.70809 0.626596
c 10.3421 9.94403 0.485454
p22 10.029 -0.57033 0.353516
c 11.449 -10.8427 0.540216
p12 10.0136 -2.57308 0.742273
p22 10.0697 -7.83105 0.028482
c 10.9539 7.83532 0.219186
c 10.637 2.2768 0.194576
c 10.2188 7.07431 0.459477
c 10.4899 -1.72527 0.694225
c 11.0097 -10.0532 0.592366
p11 10.0763 -3.28257 0.718322
p21 10.0334 -7.40794 0.631137
c 11.9621 -11.7869 0.668174
c 11.684 11.8791 0.487895
p12 10.0797 -5.34294 0.0912281
c 11.9374 4.22803 0.202218
c 10.364 -10.3645 0.7422
p22 10.0741 -3.81555 0.0309967
c 10.278 1.22355 0.624887
c 10.9693 -9.2548 0.752528
c 10.5211 8.39491 0.346851
p12 10.0001 -2.51619 0.70592
c 10.9823 9.3947 0.623837
p22 10.1213 -0.928983 0.431204
c 10.0543 -11.9473 0.734241
c 10.7899 2.8254 0.723596
p11 10.0219 -7.28294 0.66107
p21 10.0508 -0.886014 0.20903
c 11.6055 5.94342 0.299877
c 10.1948 -7.9093 0.650449
c 11.0222 -3.84936 0.733045
p12 10.0952 -8.44166 0.134442
c 11.0343 3.59008 0.507305
p22 10.0245 -6.09296 0.79706
p21 10.0173 -0.687765 0.600814
pu 10.473 11.5173 0.277782
c 10.3705 6.28401 0.553596
p11 10.0568 -6.0788 0.740076
c 11.1355 4.36354 0.0909839
c 11.7601 -10.1777 0.638462
p22 10.0532 -4.08069 0.670933
c 10.358 9.75286 0.0963796
c 11.872 -8.67177 0.236252
p12 10.0749 -2.78109 0.300121
c 10.6406 -8.66958 0.0232817
c 10.0723 2.23066 0.584187
c 10.3808 -7.12778 0.399074
c 10.337 3.875 0.0755782
c 11.3303 11.7143 0.679259
p22 10.0211 -7.26804 0.622201
p11 10.1132 -0.956572 0.286913
c 10.9985 -11.7092 0.370753
p22 10.0222 -6.88498 0.759461
c 10.4486 0.236214 0.746326
c 10.8816 -5.90313 0.317334
p12 10.1041 -0.959746 0.408401
c 11.234 11.0493 0.725207
p22 10.0165 -5.33341 0.794716
c 11.07 7.58556 0.0793381
c 11.2769 -9.95502 0.543488
p11 10.009 -4.26307 0.227585
c 11.1835 10.8559 0.699523
c 11.7515 -9.12149 0.0483312
c 10.8066 6.8099 0.221457
p21 10.0913 -3.53233 0.396022
c 10.7265 10.5988 0.144526
c 10.9115 4.0896 0.388698
c 10.4335 -0.885891 0.54986
p11 10.1103 -7.62401 0.288402
c 10.1422 1.11661 0.104217
c 11.5859 6.52498 0.195797
c 11.934 11.269 0.19609
c 10.2449 -10.7534 0.138446
c 10.3287 -1.71795 0.497051
c 11.1573 2.77047 0.489287
c 10.4426 -9.45109 0.445536
c 10.2125 2.05048 0.492803
p12 10.1047 -5.64324 0.245334
c 10.57 10.4406 0.288988
c 10.3026 1.47038 0.572322
c 10.1047 -11.8755 0.405325
p11 10.041 -5.56536 0.103655
e 0.0 0.0 1.0