c 11.9028 -5.43583 0.278758
c 10.3923 5.63652 0.585066
c 11.6982 0.258187 0.441507
p21 11.4141 -3.94238 0.398928
p11 10.1867 0.979888 0.313623
p21 10.038 -9.31913 0.0585122
c 11.464 7.2501 0.161738
c 10.7083 -4.60744 0.635825
p21 10.101 -9.10184 0.278807
c 10.5856 4.72756 0.268138
c 10.4334 -0.523331 0.399148
c 10.6129 -10.5285 0.511505
p12 10.0962 -6.19648 0.30686
c 10.5261 4.73708 0.2864
c 10.3793 -11.5122 0.119012
c 10.9709 10.3586 0.289086
c 10.3477 -11.5803 0.530109
p22 10.0764 -5.95428 0.24824
p11 10.1086 -1.54741 0.264622
c 11.4644 11.3232 0.720739
c 11.5487 -11.7056 0.308202
c 10.9416 10.2275 0.555012
c 10.6612 5.30033 0.151362
c 10.7616 1.19352 0.581599
p12 10.1258 -8.34938 0.270042
p21 10.0258 -3.2982 0.559236
p22 10.1265 -9.03934 0.3907
c 11.316 9.41154 0.582869
c 10.7133 4.58254 0.719616
p11 10.0627 -9.05618 0.458256
c 11.3783 -1.82928 0.707214
p22 10.1066 -7.59545 0.742932
c 11.4702 -0.291879 0.219113
c 10.0988 11.6103 0.271068
p12 10.0276 -8.55495 0.492388
c 10.2266 -0.765038 0.344873
p12 10.0678 -6.206 0.804409
p21 10.1041 -2.03815 0.769911
c 10.7812 11.1379 0.403078
c 10.1983 -10.7622 0.496538
c 10.9015 -1.47478 0.673009
p11 10.1093 -9.02103 0.403274
p22 10.0028 -2.43074 0.409939
c 11.2012 6.89487 0.0982839
c 10.182 11.0617 0.133515
c 11.2322 2.008 0.303735
c 10.3291 -8.62416 0.547468
c 10.2138 8.81533 0.631552
p11 10.0715 -3.5045 0.261277
pu 10.2274 -8.57289 0.452347
p22 10.0646 -3.60826 0.790615
p11 10.036 -8.61354 0.145527
c 11.5602 10.9489 0.596224
c 11.0408 0.772363 0.537995
c 10.2866 6.837 0.379323
c 10.7545 -8.65712 0.0575845
p21 10.0287 -3.65734 0.231686
p12 10.006 -8.36793 0.632065
c 10.1591 4.81326 0.0983084
c 10.8122 10.207 0.361231
c 10.0334 2.82394 0.205196
c 10.4926 -8.86587 0.763392
c 11.7935 -4.20167 0.15915
c 10.5117 6.09064 0.729187
p12 10.0404 -9.25004 0.231589
p22 10.0282 -2.06818 0.776454
c 10.8694 9.56609 0.437577
c 10.4246 4.77224 0.425027
c 10.5553 -10.1264 0.545221
c 10.3386 0.0032959 0.421927
p11 10.0416 -4.03015 0.526398
p22 10.0612 -8.93753 0.400564
c 11.0078 10.6523 0.523028
c 10.0843 5.43657 0.204757
c 10.8315 -2.38813 0.31875
c 10.1491 -11.8535 0.372828
c 10.3666 -4.06616 0.651108
p11 10.1069 -8.9368 0.482085
p22 10.0049 -3.24863 0.226999
c 11.3767 7.6881 0.245749
c 10.2488 -8.41908 0.289159
p22 10.058 -2.27815 0.219723
c 11.2462 5.91192 0.714636
p11 10.0639 -6.03632 0.141791
e 0.0 0.0 1.0