c 11.935 0.536516 0.441239
c 10.457 -5.5208 0.480278
c 11.6437 7.11386 0.139667
c 10.9774 1.63518 0.617733
p22 11.147 -3.71679 0.426102
p11 10.6014 3.36961 0.627475
c 10.9563 -8.60952 0.0569497
c 11.4526 -4.38331 0.285619
c 10.484 9.64593 0.732727
c 10.6399 -3.20994 0.171577
c 11.465 1.06388 0.525152
p21 10.0983 -2.9725 0.485014
p11 10.0195 1.98224 0.235031
c 10.8133 -11.2851 0.563899
c 11.1215 8.66298 0.180806
p12 10.1492 -1.98102 0.103142
c 10.0685 6.73666 0.382228
p22 10.1025 -1.71563 0.450077
c 11.5815 -6.16681 0.620956
c 10.4104 11.0229 0.611263
c 11.4979 4.60085 0.632163
p11 10.087 -3.04233 0.417776
p21 10.0157 2.38313 0.568831
c 10.1747 6.69637 0.630966
c 11.5791 -2.26362 0.0659099
c 11.2758 -7.04062 0.36963
c 10.7458 2.55953 0.0680584
c 11.3258 11.5532 0.551545
p12 10.0539 -0.16309 0.627353
p22 10.1154 4.09851 0.576277
c 10.3543 -6.22687 0.204513
p12 10.129 -1.59722 0.247922
c 10.5328 10.976 0.415261
c 10.22 0.853664 0.0920338
c 11.0682 -8.5956 0.426028
p12 10.1002 -2.4095 0.220773
c 10.031 9.69207 0.221408
c 10.2651 -9.31046 0.325366
p21 10.1529 1.2891 0.394094
c 11.2091 -2.85836 0.553889
c 10.0701 4.20899 0.0123682
c 11.5788 -11.8967 0.782704
p11 10.1446 -0.845728 0.489727
c 10.9179 11.5503 0.42637
p22 10.0346 4.29212 0.38401
c 10.0347 0.278695 0.424368
c 10.7399 -4.751 0.751063
c 10.8046 9.29069 0.194625
p11 10.1351 2.40681 0.656406
c 10.4411 -7.05747 0.388845
p21 10.0674 -0.283455 0.713952
pu 10.4535 4.54885 0.282298
p12 10.0225 -1.19193 0.776454
c 10.6162 -7.33653 0.187447
p11 10.0217 4.18275 0.666685
p21 10.1005 -0.977568 0.449418
c 11.7797 11.6946 0.0520667
c 10.8438 -7.73791 0.73429
c 11.7396 10.9094 0.531622
c 10.813 -3.49852 0.636582
p11 10.0005 3.77599 0.674888
p21 10.0417 -2.43586 0.726379
c 10.1087 6.87655 0.0530921
c 11.7333 -11.7305 0.22214
p11 10.0709 2.06134 0.638974
c 10.4206 -8.318 0.220358
c 10.3017 -4.24561 0.0243803
c 10.4627 6.54988 0.729529
p22 10.08 -2.8348 0.0539222
c 10.913 10.8303 0.199947
c 10.1124 2.15522 0.703405
p12 10.0668 -2.78402 0.575252
c 10.0664 -9.07462 0.0274566
p21 10.0412 3.22446 0.029776
c 11.4137 9.98871 0.469999
c 10.218 -10.6545 0.349781
c 10.4111 -1.67913 0.67147
c 11.1822 8.00378 0.423269
p12 10.1465 -3.18369 0.0954274
c 10.5633 2.17133 0.561482
p21 10.0763 -2.13825 0.294506
c 11.9941 6.84286 0.665562
c 10.9791 11.3188 0.0422031
c 10.2 -7.83459 0.329004
c 10.8509 10.5205 0.0916431
p22 10.102 2.80844 0.542292
c 11.2608 -1.64544 0.339038
c 11.3611 11.3393 0.46978
c 11.1293 -4.39357 0.265037
c 10.127 7.92541 0.325928
c 11.777 -11.0368 0.688951
p21 10.0855 1.39189 0.706554
e 0.0 0.0 1.0