p12 10.3734 -3.95962 0.261025
c 10.4798 -10.0693 0.276681
c 10.7489 4.94217 0.944548
p12 11.0353 -0.108036 0.762383
p22 10.0115 -4.33927 0.592761
p12 11.9993 -8.77102 0.572558
p22 10.0574 -0.79867 0.445082
c 10.7013 11.4595 0.933622
c 10.0245 -3.94092 0.0441603
p12 11.4031 -7.76879 0.12598
c 10.5185 -11.5166 0.907682
p21 10.9446 0.48738 0.631642
c 11.3649 9.86346 0.787683
p11 10.8135 -6.22303 0.256935
c 10.4748 3.50511 0.443709
p22 11.9219 -2.42866 0.2331
c 10.4885 10.5117 0.0979339
p11 10.0798 -6.51357 0.701987
p21 10.1688 -2.84097 0.165075
p12 10.8368 0.784021 0.788324
p12 10.0929 -7.41691 0.928922
c 10.2424 0.143193 0.816431
p22 10.0671 -5.4564 0.242744
c 11.1303 4.81912 0.962767
p12 10.1149 -4.00067 0.659413
p22 10.1782 0.907315 0.647542
p12 11.5812 -8.58821 0.542589
p21 10.309 -4.42488 0.807154
p22 10.9933 -0.87466 0.847743
pu 10.009 8.92154 0.611621
p21 10.6769 -2.71859 0.198187
e 0.0 0.0 1.0