c 11.7624 -6.46858 0.620956
p22 11.0184 3.67943 0.629452
c 10.0335 -1.1503 0.448466
c 11.1366 10.4963 0.609066
p12 10.0803 -2.43184 0.462821
c 11.1776 6.89047 0.114154
p22 10.0235 -7.41893 0.307275
p11 10.027 -2.58309 0.59554
p21 10.0216 -9.0513 0.64188
c 11.9783 3.88965 0.770521
c 10.0988 8.29017 0.0921314
c 10.6397 -7.00546 0.691124
p11 10.0016 -2.93637 0.669078
p21 10.0106 -7.96948 0.751746
c 11.3816 11.7341 0.315942
c 10.1048 5.9881 0.660533
c 10.9116 -4.28956 0.554963
p11 10.0148 -10.2989 0.25366
p22 10.0252 -3.84851 0.680406
c 10.4094 1.89227 0.169844
c 10.901 8.86953 0.293456
p22 10.0074 -6.00946 0.776063
p11 10.0239 -10.0491 0.179634
c 11.9235 9.05045 0.0488684
c 10.1124 -0.826563 0.509625
c 10.497 -5.15458 0.687853
c 11.6698 6.49861 0.156123
p21 10.0165 -10.1651 0.312426
c 10.268 11.8711 0.374049
c 10.6037 0.350475 0.198849
c 10.1613 -5.44902 0.77372
p11 10.012 -10.3321 0.33728
c 11.3504 -1.11954 0.129584
c 11.5821 4.90774 0.314477
c 10.9475 -2.47017 0.0465734
p11 10.0135 -7.30345 0.100091
p22 10.0102 -2.83212 0.676427
c 10.9236 7.03183 0.360938
c 10.5617 -8.80142 0.187935
c 10.2908 8.02869 0.180074
p22 10.0212 -7.97119 0.202584
c 10.4307 3.27512 0.646714
c 10.7187 9.70745 0.428836
p12 10.0255 -3.15049 0.0369295
p21 10.0185 -7.85473 0.0760421
c 10.3692 11.0537 0.0377841
c 10.7611 3.63036 0.237693
c 10.0679 10.0334 0.579475
c 10.2262 -6.69271 0.66461
c 10.9127 0.239143 0.249021
c 11.7486 5.53618 0.161567
pu 10.6437 9.76898 0.0916187
p11 10.0208 -7.42112 0.0354646
p22 10.0267 -2.54671 0.200387
c 10.2164 9.27384 0.522467
c 10.8782 3.69628 0.538239
p11 10.0105 -3.63659 0.733801
c 11.1 3.26414 0.320923
c 10.3698 10.5373 0.748597
p22 10.0037 -5.98505 0.133807
c 11.4744 1.63299 0.440116
p11 10.0114 -8.77859 0.445121
c 11.006 -0.738669 0.377418
p11 10.0197 -10.2286 0.154096
c 10.1029 11.8396 0.28181
c 11.8745 7.03476 0.377321
c 10.9087 -3.21799 0.517535
p22 10.011 -8.04907 0.392897
c 10.7689 10.0202 0.024771
p12 10.0012 -3.13681 0.210348
c 11.5726 2.08564 0.463383
p11 10.0276 -7.76366 0.668638
c 10.534 11.165 0.38091
c 10.1155 -4.2273 0.335986
p11 10.0052 -8.41066 0.621274
p22 10.0053 -3.46788 0.514752
c 11.7778 0.874172 0.123089
c 11.2376 5.13846 0.110784
c 10.5167 -9.85321 0.0694989
c 11.3186 9.30534 0.440873
c 10.2902 -11.5583 0.236325
c 10.7808 0.21717 0.500078
c 10.8695 -5.5479 0.522955
p21 10.0187 -9.80914 0.734534
e 0.0 0.0 1.0