p12 11.7935 -5.01395 0.29431
c 11.4762 -10.0458 0.304467
c 11.8415 8.37074 0.0704022
c 10.4868 -5.61016 0.0323884
c 10.5844 0.743797 0.369777
c 10.4105 7.14829 0.477592
c 10.7462 -1.87909 0.0194729
c 11.3171 -11.1841 0.122162
c 11.3706 -6.41877 0.153852
p21 10.2467 -0.753563 0.718396
p11 10.0221 -7.90405 0.529034
c 10.0991 11.8345 0.183736
c 10.8398 7.24204 0.151044
c 10.295 1.17521 0.181294
p21 10.0048 -7.77148 0.0284088
c 10.4097 7.03916 0.0160549
c 10.2645 -3.06345 0.775502
c 10.5864 5.56694 0.246921
c 10.5803 9.63347 0.0602701
p22 10.024 -6.28144 0.109881
c 10.0264 11.1826 0.0511878
c 10.248 -0.182012 0.805434
p11 10.0317 -8.37599 0.779481
c 10.0961 8.64907 0.747547
c 10.9257 3.99512 0.418997
p21 10.0027 -3.8424 0.393801
c 10.5421 9.86493 0.736194
p11 10.0402 -5.98895 0.406326
c 10.4073 0.518205 0.608236
c 11.7897 10.0107 0.67606
p22 10.0265 -4.88906 0.629623
c 11.9369 6.26423 0.105877
c 11.5486 10.4223 0.482353
p11 10.0283 -8.69411 0.176753
c 11.037 2.97702 0.130316
c 10.2986 9.61077 0.103191
c 10.5763 -2.01239 0.808389
p12 10.0192 -6.55318 0.663096
p22 10.0178 -1.88385 0.0442051
c 10.1564 3.78271 0.630087
c 10.8929 11.6455 0.755897
c 10.5739 4.52028 0.0115137
p11 10.0501 -5.41105 0.497564
c 10.4977 10.9043 0.372731
c 10.4816 -9.67376 0.515997
p22 10.03 -1.61357 0.343262
c 10.2138 4.51735 0.522906
c 10.0985 9.26505 0.679234
p12 10.0284 -4.69692 0.022598
c 10.0821 -11.5994 0.54676
c 10.1046 -2.72506 0.347071
c 10.8162 7.60826 0.649106
p22 10.0245 -8.74294 0.0554848
c 10.1023 0.261117 0.714904
pu 11.1759 11.2258 0.565364
p12 10.0141 -8.90017 0.537238
c 10.0497 11.7209 0.0688397
c 11.1982 -3.96948 0.0300201
c 10.134 2.04608 0.424905
p22 10.0441 -3.11484 0.235983
c 10.5148 10.0847 0.0682781
c 10.5198 -9.2028 0.517999
c 10.7004 8.98965 0.243186
c 10.8667 1.60076 0.337403
c 10.3872 7.51232 0.418435
p11 10.0099 -3.38047 0.663902
p21 10.0471 -8.81912 0.238327
c 10.2343 11.1474 0.809731
c 11.7414 6.6451 0.492583
c 10.103 -9.82098 0.116449
c 11.1643 1.55974 0.338379
p11 10.0015 -6.61788 0.128387
c 11.495 9.6364 0.475566
p22 10.0069 -5.09049 0.70443
c 11.8757 9.5258 0.058732
c 10.6909 1.98456 0.678551
c 11.6749 7.23911 0.631821
p11 10.0425 -2.51717 0.365675
c 11.6926 9.43645 0.587435
p22 10.0224 -6.70626 0.595491
c 10.9476 9.72942 0.420486
c 10.3416 5.21098 0.207736
p11 10.028 -2.71053 0.465873
c 11.3221 -7.9928 0.252341
c 10.3237 7.46251 0.231979
c 11.1652 -10.2407 0.745032
p21 10.0275 -5.06314 0.0600504
c 10.9858 11.9868 0.696447
c 11.5345 1.36125 0.332227
p12 10.0087 -9.00638 0.619809
c 11.6812 3.33226 0.233029
c 11.2422 11.9092 0.354444
c 10.3539 -10.8032 0.697497
p22 10.0373 -4.38685 0.255955
c 10.0447 -9.0043 0.719494
p11 10.0405 -3.70495 0.311279
c 10.932 5.03006 0.398293
c 11.0904 11.9348 0.802407
c 11.3794 -2.15156 0.447294
p22 10.0051 -6.19404 0.499126
e 0.0 0.0 1.0