p22 11.671 -4.9826 0.512589
p21 11.2895 -0.471205 0.985717
c 11.0441 11.8791 0.336314
p12 10.049 0.0508132 0.0990936
p22 11.1703 -4.47462 0.856655
c 10.0001 11.0625 0.148137
p22 11.6764 -9.52116 0.959685
p11 11.0884 -5.61235 0.913022
c 11.0432 -1.27042 0.790063
p21 10.132 -5.82781 0.319254
p12 10.0964 -1.66814 0.417005
p12 10.9635 -9.46226 0.00579852
c 10.179 6.62166 0.947111
p12 10.2405 -4.25794 0.326945
p22 10.2509 -0.727561 0.986053
p12 10.8369 -9.51842 0.986023
p22 11.2813 -5.18601 0.0878323
c 10.0304 8.90323 0.394177
p22 10.6317 -4.7618 0.280831
p12 11.6451 -0.942107 0.237526
p21 10.1199 -8.40022 0.628224
p21 10.2738 -2.57759 0.499985
c 10.6601 9.23136 0.674764
p12 10.1022 -5.6032 0.126408
c 10.3928 5.35014 0.0425733
c 10.3244 -1.21915 0.671926
c 10.2518 9.73602 0.723197
c 10.2718 4.6426 0.150029
p12 10.8425 -8.83053 0.410016
p11 10.625 -1.8424 0.478957
e 0.0 0.0 1.0