c 11.9863 -7.89026 0.737293
c 11.0049 8.33119 0.189864
p11 11.2626 -2.61641 0.492388
c 11.1437 5.46294 0.589608
p21 11.7783 -3.84521 0.314868
p12 10.0217 -11.1754 0.658897
c 11.6072 3.38939 0.679552
c 10.9687 8.02283 0.649936
c 11.2752 0.0267344 0.49959
p22 10.0154 -7.58324 0.0883715
p12 10.0013 -11.67 0.412649
c 10.8377 2.23725 0.756947
p11 10.081 -8.25587 0.557087
c 10.7041 7.01205 0.644712
c 10.9558 -2.6606 0.174727
p21 10.0963 -10.8546 0.785341
p21 10.0593 -5.34416 0.388259
p12 10.0876 -11.6112 0.442875
c 10.1743 4.15259 0.635166
p12 10.0853 -7.08029 0.477959
c 10.5305 10.8545 0.34773
c 10.8137 5.26518 0.701403
p22 10.012 -9.69634 0.493609
c 10.7371 10.1315 0.709704
p11 10.1619 -6.33955 0.765541
c 10.6417 -11.4294 0.257981
c 11.882 10.0832 0.467411
p21 10.1361 -9.13285 0.780849
c 11.7942 4.59938 0.316357
p12 10.1508 -11.6832 0.219845
c 10.2544 -1.60076 0.625156
c 10.2537 6.21296 0.735291
p21 10.1855 -5.98309 0.762098
c 11.5656 -0.224494 0.728845
p11 10.1061 -6.55342 0.264842
c 10.5161 0.338756 0.494097
p12 10.0389 -6.73531 0.226218
c 10.3437 5.2747 0.111932
p21 10.1713 -11.4432 0.177656
c 11.03 9.84369 0.0793625
c 10.1456 5.48491 0.526251
c 10.0108 -0.865382 0.177266
pu 10.9499 10.9987 0.0682781
c 10.4131 -10.7424 0.570881
c 10.6162 3.37767 0.615951
p12 10.1434 -4.78481 0.431082
p22 10.0789 -11.2897 0.729089
c 10.3482 11.7488 0.500957
p11 10.1236 -11.7992 0.773817
c 10.8272 -7.02304 0.602084
p22 10.0815 -11.5021 0.779359
p21 10.1653 -5.13492 0.0691571
c 11.5881 6.32209 0.74513
p11 10.0581 -4.91372 0.651426
c 10.6216 -0.509415 0.208956
c 11.2242 -9.55437 0.101922
c 11.5702 7.46983 0.25825
c 10.3164 -8.5912 0.253562
p21 10.0189 -4.48451 0.681456
c 11.0046 4.30128 0.353883
p11 10.0448 -5.92694 0.421097
c 10.8136 9.99603 0.547346
c 11.1022 2.65255 0.0145656
p12 10.0895 -10.9693 0.0801682
c 11.4281 -1.52531 0.405666
p21 10.1855 -11.6232 0.667247
c 10.1818 9.4489 0.178462
c 10.6181 -0.845607 0.696715
c 10.4875 10.6772 0.264573
c 10.7335 -5.29228 0.0711591
c 10.6482 2.70016 0.528668
c 10.2296 -11.0735 0.0608316
c 10.7312 9.81951 0.410061
p21 10.1879 -9.05423 0.206075
c 10.1816 -1.7282 0.451054
c 10.8462 4.86013 0.399148
c 10.1966 0.748192 0.286742
p21 10.1719 -4.58095 0.503863
e 0.0 0.0 1.0