p22 11.8899 -6.30964 0.172139
c 11.5312 11.8718 0.728625
p21 10.0426 -8.97366 0.150971
c 11.9711 -4.90921 0.425906
c 11.6918 5.45708 0.403786
p12 10.672 -2.832 0.558918
c 10.9152 7.98547 0.248142
p11 10.0565 -2.3719 0.692565
c 11.0395 8.39711 0.0114405
c 11.2237 2.35957 0.508111
p22 10.0766 -6.65303 0.226071
c 10.7988 -11.3137 0.734534
p12 10.0516 -5.45671 0.0503088
c 11.8202 -0.893948 0.0193997
p22 10.0936 -9.81036 0.648643
p12 10.0132 -3.47838 0.763026
c 10.1961 -8.96841 0.42825
c 10.4113 8.15027 0.167988
c 10.9914 3.84863 0.727869
p21 10.05 -3.07382 0.639267
p11 10.1057 -8.87014 0.625473
c 10.0056 7.65294 0.584529
c 10.6063 0.684469 0.0838548
c 10.7292 11.6689 0.328809
p11 10.1041 -9.13016 0.249143
p21 10.0887 -3.6317 0.210055
c 10.5875 1.67766 0.671641
p22 10.0582 -3.40782 0.511822
c 11.266 8.59926 0.678917
p11 10.1093 -4.9313 0.767591
c 11.9869 4.95901 0.406692
p12 10.0193 -6.60836 0.28723
p22 10.0746 -2.46419 0.0274078
c 11.7373 -11.2822 0.785634
c 10.701 0.282357 0.229465
c 10.0365 -11.4031 0.737122
c 10.3545 -2.46797 0.548078
p11 10.0396 -7.6057 0.686656
p21 10.1041 -3.56383 0.372194
c 10.8416 10.3022 0.355714
c 10.8164 -10.6626 0.309619
c 10.7081 -0.182012 0.804678
p11 10.0684 -5.9892 0.0849046
c 10.029 6.43709 0.23298
c 11.6659 -11.8103 0.0999686
c 10.0067 -1.92889 0.105511
p11 10.0973 -9.93707 0.317041
p22 10.0151 -4.68105 0.74972
pu 11.2955 9.50676 0.142402
c 10.5374 1.72601 0.281078
c 11.3218 11.7664 0.148139
c 10.0069 1.01627 0.53487
c 10.1367 -7.21494 0.321338
p22 10.0624 -3.15635 0.237985
p12 10.04 -8.90017 0.56324
c 10.7523 4.82424 0.124823
c 10.5206 11.8381 0.253391
c 10.2162 6.34407 0.533576
c 11.6059 -4.00024 0.0511878
c 10.105 0.595843 0.791835
p21 10.0921 -7.34349 0.479643
p11 10.113 -2.98202 0.168745
c 11.3386 10.4714 0.370997
p12 10.0767 -5.04776 0.340064
c 10.6084 2.3581 0.152241
c 10.3778 -9.15372 0.200069
c 11.8799 9.92718 0.76996
c 11.9722 0.455215 0.384352
p21 10.0126 -8.93216 0.341504
c 11.4149 6.87729 0.615731
p12 10.008 -2.49422 0.415579
c 11.2676 4.2002 0.357032
c 10.893 11.5994 0.257566
c 11.3897 -9.87664 0.522296
p21 10.0497 -5.50188 0.108123
c 11.4445 3.83764 0.0770675
c 10.7431 11.1277 0.259641
c 10.7518 2.22773 0.343506
p21 10.0074 -8.50661 0.347168
e 0.0 0.0 1.0