c 11.8995 -6.59017 0.645884
p22 10.4952 -0.520646 0.233786
c 11.6437 6.16901 0.1821
c 10.3039 11.77 0.424612
c 11.1552 5.48564 0.224582
p12 10.6128 1.46306 0.602084
c 11.7853 7.47789 0.688317
c 10.233 -5.54277 0.0529212
p11 10.0218 -9.74908 0.438895
p21 10.0308 -4.98868 0.74596
p21 10.0172 -9.57085 0.488091
c 11.3198 5.47466 0.800503
c 11.0573 11.0229 0.670079
p11 10.0701 -7.43162 0.320605
c 10.5336 0.927641 0.236936
p21 10.0978 -3.15097 0.580354
c 11.4837 8.19568 0.305859
c 10.2787 -9.10538 0.463261
c 10.1524 -4.59499 0.533942
c 11.5207 8.42494 0.366383
p12 10.0451 -7.06784 0.426956
p22 10.0009 -2.95004 0.412234
c 11.214 6.71615 0.596859
c 10.3727 -11.3503 0.172847
c 10.8802 6.89047 0.643296
c 10.3459 -5.78594 0.561262
p12 10.0165 -9.82452 0.476713
p21 10.0469 -3.73742 0.62247
p12 10.0693 -10.1282 0.236911
c 11.7666 7.58263 0.160786
c 10.0971 0.508683 0.359425
c 10.4163 8.28211 0.0276519
c 10.138 -8.38465 0.474125
c 10.0904 4.751 0.761073
p21 10.027 -4.8522 0.247898
c 11.7762 10.4011 0.558332
p11 10.0792 -10.4993 0.214767
c 10.9047 -3.58715 0.625253
p12 10.0666 -7.6494 0.617001
c 11.2082 11.8176 0.281859
p21 10.0352 -7.54808 0.254783
c 11.7618 7.39439 0.71632
c 10.6912 -4.38917 0.521002
c 10.5988 2.1391 0.524811
p12 10.0372 -9.45097 0.204708
c 10.4503 6.47298 0.28972
p22 10.02 -7.21091 0.522394
pu 10.7541 8.40443 0.283202
c 11.1481 -1.49821 0.719763
p11 10.0319 -7.3093 0.407156
c 11.024 2.55586 0.0777267
c 10.9524 8.12171 0.681822
p21 10.0789 -4.57411 0.643467
c 10.8871 6.65096 0.809658
p12 10.0104 -4.21009 0.577205
p21 10.061 -8.60695 0.291112
c 11.8019 1.84027 0.655869
c 10.8429 10.5754 0.159394
c 11.5397 1.35759 0.196041
p22 10.0668 -10.1361 0.360328
c 11.8532 4.85867 0.764906
p11 10.0842 -10.1475 0.255759
c 10.9702 3.99072 0.277635
p22 10.1195 -5.86273 0.38672
c 11.9333 9.00577 0.742054
c 10.908 -0.4391 0.154658
c 10.4729 -5.70098 0.0314606
c 11.7136 -10.5505 0.549958
c 11.1368 4.24635 0.655723
p12 10.0867 -9.66607 0.389968
p21 10.012 -3.48643 0.585555
c 10.2484 2.20136 0.0991629
p22 10.1187 -9.22465 0.517633
c 10.0213 3.92187 0.582356
c 10.3319 -8.8395 0.602816
p12 10.0128 -2.7264 0.507891
c 11.0097 5.0784 0.522369
c 11.4125 9.88836 0.46287
c 10.0584 -6.00714 0.156635
c 10.5907 -1.56487 0.602572
c 10.3612 5.21757 0.580989
p12 10.0521 -9.15506 0.788857
e 0.0 0.0 1.0