c 11.8815 -7.85437 0.725598
c 10.6161 -3.72192 0.287132
p11 10.3311 1.23161 0.380373
c 10.2083 7.48448 0.12934
c 11.6092 -11.3364 0.170869
c 10.396 -5.80718 0.0610269
p22 10.0072 2.92526 0.399416
c 10.7526 11.1343 0.605209
c 11.5879 7.10215 0.75409
p11 10.0718 -11.3883 0.74784
p21 10.0883 -5.78387 0.782411
c 11.5185 10.185 0.808364
c 11.2 4.47487 0.131928
c 10.8173 -5.26664 0.0219633
c 10.6541 10.2744 0.503228
p12 10.0591 -3.99915 0.640268
p22 10.0292 -10.0848 0.586995
p22 10.0164 -4.46229 0.478813
c 11.8925 11.3108 0.681822
c 11.0182 1.49675 0.564045
p11 10.098 -7.52269 0.222409
c 11.2898 7.77233 0.365846
c 11.552 11.8535 0.482134
p21 10.1077 -10.5318 0.761366
p11 10.0554 -5.3195 0.402004
c 10.7878 10.7541 0.158735
c 11.3467 0.729149 0.200851
c 10.5725 10.0715 0.0130274
c 10.9304 -11.915 0.347339
c 11.1703 -0.30726 0.49356
c 11.0319 8.19202 0.652109
p22 10.0635 -11.8505 0.617489
p12 10.024 -3.93078 0.145966
c 10.9024 4.7532 0.558918
p22 10.0444 -6.32466 0.278636
c 11.2585 0.457412 0.168061
c 11.0743 6.32869 0.793886
p22 10.039 -5.97211 0.604476
p12 10.081 -10.797 0.0431065
c 11.7377 -0.00769043 0.198336
c 10.1719 8.39564 0.14516
c 10.7603 2.62618 0.575007
c 10.8899 -8.10633 0.219284
c 10.7906 7.10654 0.0733564
c 10.6668 -6.58357 0.12182
p21 10.0797 -10.8075 0.502032
c 10.4986 -3.68017 0.283739
c 11.3288 1.99994 0.100555
c 10.1115 -8.31214 0.527618
p12 10.1096 -4.23182 0.0842454
c 11.4858 2.46138 0.337671
c 10.127 -8.28651 0.143036
p21 10.0963 -3.98328 0.489922
pu 10.3475 9.68694 0.368019
c 11.1659 1.49895 0.141791
c 10.5802 -9.61296 0.0447911
c 10.2116 -3.01218 0.437869
c 10.9566 5.0242 0.729968
p11 10.0238 -10.307 0.0150783
c 11.1593 10.8266 0.763124
p21 10.0775 -6.3332 0.332886
p12 10.0585 -10.4434 0.583479
c 10.0476 7.07944 0.168623
c 10.5543 11.71 0.0774581
c 11.1419 -0.587053 0.565974
c 10.5523 6.75863 0.0695233
c 10.6776 -2.97702 0.747425
p21 10.0981 -7.85205 0.235471
c 10.5737 1.17447 0.684654
p12 10.0709 -7.16672 0.618075
c 10.3865 6.47664 0.58553
c 10.165 -5.06961 0.26638
c 10.7963 -0.0413828 0.809707
p22 10.0516 -10.1549 0.474541
p12 10.103 -3.85925 0.135053
c 10.4762 8.12024 0.28972
c 10.6713 0.245735 0.665074
c 11.2662 10.2846 0.740564
c 11.5133 2.67013 0.0793625
c 11.5047 -3.43333 0.364772
p22 10.0189 -11.6246 0.289574
p11 10.0791 -7.55199 0.360914
c 11.4386 -2.92355 0.537409
p21 10.0544 -9.25028 0.336353
p11 10.0718 -4.34608 0.535553
c 11.7994 9.22843 0.26201
c 10.2875 2.82101 0.70238
c 10.5999 9.36174 0.506963
c 11.4442 -2.20429 0.0173733
c 10.4557 -9.78655 0.737464
p11 10.0355 -4.15467 0.563288
e 0.0 0.0 1.0