c 11.8994 -6.04157 0.928251
c 11.235 -1.69744 0.0133976
c 11.1928 7.62291 0.585925
c 10.5444 -8.79629 0.352763
p12 10.5252 -1.35395 0.0143132
p22 10.8335 4.72106 0.172216
c 10.0357 8.86514 0.919889
c 10.6805 4.83523 0.134648
c 10.1289 -6.46712 0.291696
c 11.8649 -10.7915 0.487259
c 10.1079 -2.05707 0.37022
c 10.0275 11.5041 0.966674
p12 10.0204 -7.82461 0.562761
p21 10.1249 -3.63045 0.289438
c 11.5439 4.95022 0.00671407
c 10.6516 -11.9363 0.174322
c 10.4124 4.8323 0.295633
c 10.4384 9.53752 0.505142
c 11.7428 0.513078 0.439558
c 10.2363 -6.44441 0.18244
c 11.4364 -11.6953 0.397595
p12 10.0028 -6.476 0.141667
c 10.3899 9.43278 0.664144
p22 10.0841 -10.5133 0.497696
c 11.5901 -2.02631 0.851863
c 10.1044 -6.04743 0.575274
p12 10.0302 -1.15998 0.725089
p21 10.0813 -6.9939 0.680776
c 11.5093 3.04074 0.254036
c 10.3285 10.8215 0.00808741
c 10.6203 -11.0735 0.0339061
c 10.0511 -1.34953 0.692404
c 10.2913 3.17258 0.190191
p12 10.012 -1.6617 0.507462
c 11.3182 -7.6024 0.897488
p22 10.1147 -1.76791 0.233345
c 11.0151 7.6339 0.351329
c 10.5903 -7.16807 0.732414
p12 10.0662 -2.86413 0.250893
c 10.4993 4.74294 0.843745
c 10.2042 -10.3454 0.890927
p21 10.0626 -2.1677 0.290445
c 10.0473 8.53847 0.0132756
c 10.7326 1.85711 0.41261
p12 10.0983 -10.068 0.831141
c 10.4071 3.09275 0.619282
pu 11.8146 -5.72149 0.741172
p21 10.1147 -9.89163 0.0226447
c 10.3157 5.57207 0.556444
p12 10.11 -2.17045 0.037019
c 10.278 10.9306 0.794
c 11.0026 -8.34291 0.236366
c 10.2048 -0.159307 0.724509
c 10.4602 10.4802 0.42616
p22 10.02 -5.02301 0.111209
c 10.7911 -11.3122 0.0384533
c 11.0395 4.42286 0.682485
p11 10.1144 -1.6617 0.41319
c 10.2109 -6.44075 0.104709
c 10.598 9.6635 0.54741
c 10.789 3.5183 0.89523
p21 10.0557 -5.94559 0.852504
p11 10.0753 -11.0278 0.220618
c 11.9649 10.9629 0.202124
c 11.8109 -0.762108 0.787347
c 11.939 10.541 0.794549
p22 10.0956 -5.21467 0.0538652
c 11.2933 4.2273 0.483047
p12 10.0329 -4.44865 0.903653
c 11.239 8.27552 0.563066
c 11.6312 -10.2524 0.0541093
c 11.7643 2.19184 0.352153
c 10.5847 8.25574 0.196326
p22 10.1232 -6.98749 0.230659
c 10.401 -0.434706 0.42671
p11 10.103 -5.35719 0.874386
c 11.76 8.39271 0.0658589
c 10.2253 0.773095 0.657033
c 10.489 -11.0544 0.524125
p22 10.0336 -1.71908 0.299142
c 10.1094 5.73101 0.988189
p11 10.0403 -10.9848 0.395581
c 10.8263 0.968657 0.0803552
c 10.0168 11.6089 0.896084
p22 10.0513 -2.61479 0.663198
c 10.9404 -8.84829 0.886532
p12 10.0456 -4.38334 0.77749
c 11.8165 6.11261 0.778344
p22 10.0804 -2.84918 0.518143
pu 11.7931 2.06586 0.0444655
c 10.3279 -8.19495 0.500015
p11 10.0973 -3.46504 0.930601
c 10.5188 -10.8449 0.108798
c 11.7334 9.6657 0.029725
c 11.8653 3.07444 0.775353
p21 10.0691 -4.25761 0.0557878
e 0.0 0.0 1.0