c 11.925 6.93149 0.236252
c 11.2831 -6.81942 0.698815
p21 11.0623 3.43699 0.340015
p12 11.8331 -1.19913 0.612777
c 10.6511 10.7776 0.340503
c 10.6792 0.951079 0.190084
c 11.5801 -7.02084 0.6671
c 11.0425 3.34617 0.328369
c 11.1164 -5.70391 0.0887133
p21 10.0176 10.3275 0.115301
p11 10.0792 4.52895 0.124188
c 10.5299 -9.21305 0.672935
c 10.5783 -3.0715 0.564729
c 10.1986 1.93182 0.0669109
c 10.9107 -10.6867 0.640049
c 10.1834 -4.54518 0.512457
p12 10.1284 5.15055 0.619833
p22 10.1047 9.63213 0.296776
c 11.8797 -11.9312 0.635532
c 11.1037 -3.53954 0.54947
c 10.7512 6.21076 0.710168
p12 10.1278 10.8089 0.107464
c 10.2866 -9.36027 0.123456
c 10.6632 -0.543107 0.443387
p22 10.071 9.4705 0.522564
p22 10.0846 3.05893 0.263548
c 10.1541 -3.63475 0.365895
c 10.3206 10.9665 0.669737
c 10.8894 1.14371 0.127215
p12 10.1364 5.36784 0.658994
c 10.8405 -5.1077 0.272288
p11 10.079 9.34794 0.217819
p22 10.1165 4.1803 0.0910083
c 10.6578 -0.877102 0.2572
c 10.5692 -8.31507 0.703063
c 10.3584 4.83084 0.395339
c 10.4705 -11.6016 0.120428
c 11.7072 9.89276 0.479423
p22 10.1212 4.82754 0.131854
c 10.0207 -0.964995 0.23154
p12 10.1069 9.95929 0.368654
c 10.252 5.80792 0.399099
c 11.774 -10.7754 0.216427
p12 10.0547 8.20631 0.228635
c 10.6493 -1.89959 0.596859
c 10.2112 -7.75842 0.803188
p21 10.1296 7.21287 0.435721
c 11.1303 -2.8298 0.133954
c 10.6928 1.86956 0.712536
p12 10.136 8.54152 0.798672
p12 10.0605 4.51308 0.123529
pu 10.8527 -7.61486 0.233371
c 11.3443 -0.494033 0.0937672
p22 10.0513 10.4991 0.257371
c 10.9558 -1.66961 0.113323
p11 10.0386 6.17695 0.681529
c 11.44 -7.47642 0.282323
c 10.3245 1.82122 0.140351
c 11.9548 -3.24436 0.158051
c 10.1422 7.68517 0.541071
c 11.2411 -2.95065 0.430521
p22 10.0645 8.7698 0.242966
c 10.9632 -6.19977 0.585018
p12 10.0268 10.8331 0.566951
c 11.3534 -11.8323 0.109759
p11 10.058 5.47551 0.42742
p22 10.0013 10.1199 0.291137
c 10.7505 -8.82266 0.450004
p12 10.0635 8.58058 0.200997
c 11.3655 -1.7575 0.360694
c 10.8426 2.87008 0.195455
c 10.4205 -4.30421 0.170747
c 10.5843 -11.2456 0.342115
c 10.2821 1.26969 0.798647
p21 10.0008 5.35051 0.165327
c 10.77 -4.67629 0.60809
p12 10.1065 8.38014 0.392849
c 10.7883 -5.1912 0.513018
c 10.1303 9.08268 0.0816086
c 11.3414 0.643453 0.27617
c 11.0763 -11.2383 0.0927174
c 10.008 -6.30671 0.593953
p21 10.0618 5.9035 0.805898
c 10.3317 1.7824 0.781337
c 11.1336 -7.95911 0.344434
c 11.6396 -3.04001 0.685362
p22 10.1151 8.0896 0.451298
c 10.6989 -9.66936 0.174019
c 10.1461 -2.36689 0.417703
c 10.2992 9.89862 0.704308
c 10.839 -6.37556 0.214767
c 11.9778 -10.7285 0.303051
p22 10.0444 6.87497 0.333789
e 0.0 0.0 1.0