c 11.979 2.97702 0.640219
c 11.0233 -6.90805 0.784584
c 10.9149 9.15006 0.296166
p12 11.9281 1.22013 0.535358
p22 11.6344 -3.41697 0.141083
c 10.2349 1.65935 0.30078
c 11.2694 9.07535 0.473344
c 11.1857 -5.08206 0.628281
c 11.8712 -11.0046 0.165498
c 10.5193 -1.4528 0.556477
p12 10.0933 3.46617 0.338355
p22 10.0108 -0.959257 0.0694745
c 10.3508 -8.57363 0.11452
c 10.9922 8.41981 0.440311
c 10.2184 0.94522 0.0998953
c 10.3573 -3.39158 0.447318
c 10.3529 10.3527 0.595321
p12 10.066 2.99277 0.533502
c 10.364 9.45403 0.501006
p22 10.0721 1.8189 0.118841
c 11.1892 -8.69521 0.794863
c 11.1305 8.40736 0.147773
c 10.2209 -4.30641 0.48814
p12 10.0535 1.01248 0.0865404
c 10.5891 8.67763 0.63812
c 11.6169 -11.7576 0.148041
c 10.6943 -6.0401 0.458378
p21 10.1227 4.99283 0.628915
c 10.9505 -10.4296 0.0889331
p21 10.1711 -0.0344243 0.373927
c 10.6769 9.68694 0.627817
p11 10.0649 1.45708 0.613998
c 10.1016 5.74786 0.142499
c 10.2197 -10.0327 0.280858
c 11.5716 10.2055 0.410964
c 11.4472 -5.45561 0.670982
p21 10.0748 5.09903 0.619857
p12 10.1009 -0.577654 0.582039
c 11.4808 -4.67263 0.165962
c 10.1328 -9.8554 0.422537
c 10.9993 5.83868 0.597567
c 10.5997 -6.41365 0.0666912
c 11.6651 11.1577 0.745569
p11 10.0329 6.66573 0.65145
p21 10.0175 2.61751 0.407571
c 10.8782 -2.69649 0.305468
c 10.1667 9.85321 0.559944
p21 10.1648 5.81536 0.349024
p11 10.1221 -1.00662 0.28308
pu 11.8496 -6.73666 0.79103
c 10.0678 0.70864 0.362843
c 11.8205 11.9927 0.0311676
p22 10.0467 6.15571 0.084807
c 11.6104 -7.63536 0.123871
c 11.0012 -3.30735 0.403445
c 11.6095 -7.71374 0.701794
p11 10.1608 3.57921 0.563435
c 10.223 -4.40162 0.797768
p21 10.0213 2.67831 0.266673
p12 10.0826 6.96408 0.100335
c 11.8069 11.0427 0.748304
c 10.7559 3.44432 0.382692
c 10.0764 -11.0844 0.107269
c 10.3849 -2.21161 0.0549477
c 10.7107 10.0305 0.225217
c 11.8688 -6.64437 0.237912
p21 10.0569 2.34407 0.49688
c 10.9243 -3.103 0.016885
c 10.958 10.2766 0.558064
p11 10.0166 -0.97122 0.0558022
p22 10.0498 3.81628 0.0490881
c 11.0573 -5.97198 0.294188
c 11.002 9.51262 0.731775
c 10.3569 -8.33119 0.349537
c 10.8024 7.03476 0.324072
c 11.0968 -0.328501 0.573176
p21 10.0807 6.66378 0.125262
p12 10.1186 -0.586199 0.330615
c 10.8711 -9.38884 0.385768
c 10.2216 8.12757 0.680064
c 11.1338 -9.15665 0.651328
c 11.2647 -4.47194 0.212277
c 10.3418 10.5022 0.61036
p12 10.0208 4.29286 0.785243
p21 10.0106 -0.0148923 0.583406
c 11.0293 8.92007 0.0546303
c 10.1859 -10.9702 0.802383
c 10.8783 -6.55574 0.428543
p11 10.0045 4.55263 0.744471
p21 10.0703 -0.192144 0.54195
c 11.2989 -6.10163 0.0383944
c 10.0949 10.2736 0.33689
c 10.4719 -5.18387 0.698229
c 11.48 -10.634 0.134589
c 10.0491 11.7781 0.700719
p12 10.0443 0.909452 0.163276
e 0.0 0.0 1.0