c 11.972 -2.7463 0.964965
c 10.1731 5.29081 0.232154
c 10.5755 -10.415 0.0607318
c 10.2675 -4.43239 0.57036
p12 10.4038 2.26402 0.474502
p22 10.4815 -2.66472 0.36436
c 10.8805 -10.9629 0.117527
c 10.1835 8.32606 0.732902
c 10.5932 -8.91128 0.919034
p11 10.1342 2.1832 0.552904
p21 10.167 -2.31217 0.129276
c 11.309 6.73373 0.642018
c 11.3436 -9.98065 0.152348
c 11.3772 10.8882 0.253792
c 10.553 5.28861 0.61269
c 10.1475 1.07193 0.0716269
c 10.4922 -5.66948 0.893643
p11 10.0436 -0.527452 0.528367
p21 10.0585 -4.78509 0.982208
c 11.6908 8.97354 0.0369274
c 10.5578 -11.8733 0.434736
c 10.979 8.84097 0.479812
c 11.1588 -0.754051 0.764061
p12 10.0591 -6.71813 0.464705
p21 10.0731 1.51302 0.0704062
c 11.7771 11.1965 0.121616
c 10.7883 -10.771 0.554094
c 10.547 9.76678 0.153081
c 11.9979 -2.68404 0.594226
c 10.5045 -10.6494 0.121708
c 10.0347 3.37913 0.638356
p12 10.072 -1.23051 0.582141
p21 10.0323 -6.97479 0.11182
c 11.9276 10.8347 0.428236
c 10.6537 -11.4111 0.344279
c 10.7931 3.75781 0.318857
c 10.1652 -2.16547 0.450301
c 11.6574 10.426 0.266457
p11 10.0757 -6.02414 0.192145
c 10.6914 10.4223 0.576159
p21 10.0261 -0.175786 0.964385
c 10.4998 8.09021 0.965941
p12 10.0915 1.82644 0.544053
c 11.5455 -8.19129 0.680349
p21 10.1053 -3.49019 0.304147
pu 10.215 11.1028 0.934233
c 10.3734 -8.96915 0.271249
p12 10.0455 -4.674 0.380444
c 11.3671 1.08878 0.725639
p21 10.0716 -6.13584 0.787683
c 10.9681 -0.962065 0.0218207
c 11.1872 5.44316 0.59096
p11 10.1041 -4.93493 0.456557
c 10.0282 4.02661 0.976806
p21 10.1411 -5.11835 0.441847
c 10.3376 10.0224 0.430067
c 11.8742 -9.23576 0.813288
p11 10.1249 -1.29987 0.72045
c 10.4721 -5.50102 0.703574
p21 10.0535 2.16092 0.709281
c 10.5152 6.20564 0.132633
c 10.6795 -10.0854 0.25721
p12 10.0894 -1.76162 0.916227
c 10.0438 -8.82119 0.121555
c 10.5362 9.21159 0.156804
c 10.4851 3.1074 0.332408
p21 10.1194 -1.30873 0.673177
c 10.2255 3.33665 0.638112
p11 10.0668 -4.37828 0.738517
c 11.2678 11.102 0.774621
p22 10.1653 -2.10312 0.545732
c 11.2017 -10.9892 0.430921
c 10.3136 10.8449 0.562029
p11 10.0541 -4.04776 0.33668
c 10.9837 2.01752 0.436415
c 11.7084 -8.69301 0.68865
p22 10.085 -2.04819 0.79339
c 11.3215 -10.5842 0.0649434
c 11.8247 5.10697 0.129948
c 10.2663 -10.6611 0.565844
p11 10.1433 -5.77358 0.306711
c 10.6396 9.01969 0.334635
c 10.1337 -0.670552 0.555132
p22 10.0703 -7.5403 0.951109
pu 11.1079 10.4648 0.565264
p12 10.1072 -2.87188 0.046205
c 10.7942 1.27555 0.978271
p22 10.0278 -4.84674 0.626728
e 0.0 0.0 1.0