c 11.8582 7.75988 0.274315
c 11.1014 -8.97867 0.410403
c 10.2734 4.8865 0.477104
c 10.9425 8.94644 0.597201
p11 11.6836 0.352184 0.345289
p22 11.894 -3.93994 0.430276
c 11.8436 -8.3788 0.662412
p21 10.0938 4.57363 0.590731
c 10.0381 -4.45729 0.0158107
p12 10.0399 10.9112 0.239524
c 11.4209 -9.31046 0.756678
p12 10.0909 10.3255 0.159565
p22 10.0895 5.96551 0.20273
c 11.4628 -8.63222 0.105877
c 11.4925 0.565081 0.432327
c 10.032 6.18146 0.333814
c 10.9574 -6.08112 0.681603
c 10.0464 -10.3146 0.158979
c 11.9015 -0.229621 0.48477
p12 10.0023 7.19211 0.716931
p21 10.0677 11.6598 0.604525
c 11.5958 -5.81597 0.451054
p21 10.0375 9.97174 0.0472814
p12 10.0363 4.01184 0.268602
c 11.4622 -6.40486 0.545173
p21 10.0681 10.5408 0.330396
c 10.4379 -4.18921 0.676524
c 10.5544 1.0463 0.503472
c 10.5999 -8.53627 0.294506
p11 10.0264 6.87619 0.0625651
c 10.6005 2.21235 0.416677
p21 10.045 6.8652 0.473515
c 11.1428 -5.83941 0.0814621
c 10.3117 -0.681539 0.519854
c 11.5572 -5.54277 0.44285
c 10.5389 3.76952 0.796181
p11 10.076 9.3079 0.676231
p21 10.0877 5.15641 0.533014
c 11.8849 -7.95325 0.147211
c 10.2775 -1.05289 0.158173
c 10.2409 -8.49379 0.466972
c 10.6301 3.69701 0.0820481
c 10.672 10.0041 0.762977
p12 10.0308 5.68767 0.678673
p22 10.0628 9.86944 0.758729
c 11.1774 -10.6794 0.389162
p22 10.022 4.57875 0.255662
c 10.4892 -5.26737 0.211642
c 11.4355 -11.5525 0.20002
p12 10.0664 8.65871 0.679527
p22 10.0199 4.20911 0.397609
p11 10.0843 9.39116 0.0493078
pu 11.0632 -5.69219 0.502251
c 11.1848 -11.7458 0.303881
c 10.3565 8.69521 0.0183743
c 10.1115 0.169561 0.230466
p11 10.0952 8.4695 0.178072
c 10.88 4.18702 0.315795
c 10.6919 -9.70672 0.673326
p22 10.0689 9.09305 0.28347
c 10.3752 -3.8684 0.689855
c 11.527 3.65893 0.39612
p11 10.0322 7.95776 0.17397
c 10.2531 1.66228 0.562263
c 10.0994 -8.82559 0.158393
p12 10.0472 6.69698 0.69381
p21 10.0809 11.1483 0.631186
p21 10.0365 5.23478 0.108978
c 11.8259 -9.76458 0.526764
p12 10.0367 4.70986 0.280418
c 10.4189 -9.30534 0.712829
p22 10.0729 7.5078 0.513604
c 10.9178 -1.04044 0.436576
c 11.9604 11.5884 0.322217
c 11.574 -10.0693 0.448197
p12 10.0042 7.03073 0.0579995
e 0.0 0.0 1.0