c 11.9323 -6.01154 0.872066
c 11.7167 -10.7351 0.173315
c 10.8504 11.4719 0.701529
p12 11.1109 3.99146 0.112369
p21 11.1902 -1.79922 0.677755
c 10.3038 6.05622 0.591021
c 10.8991 -11.2749 0.783044
c 10.9856 1.66814 0.588366
p12 10.0099 -7.40333 0.951811
p22 10.1118 -2.89483 0.998505
c 11.3095 4.49757 0.249001
c 10.6666 9.92938 0.367321
p11 10.0737 -3.66115 0.315744
c 10.8463 5.23661 0.0440992
c 10.8106 -8.97867 0.387707
c 11.0876 1.20963 0.505295
p22 10.0424 -9.76424 0.98645
c 10.6733 7.02524 0.104007
c 11.7857 11.9465 0.194464
p11 10.1195 -4.46348 0.104465
c 11.0844 2.31709 0.734855
c 11.0348 9.98212 0.0238044
c 10.4559 -8.74282 0.351115
c 10.1637 -1.55901 0.633869
p21 10.0205 -10.8712 0.635639
c 11.4483 8.96915 0.891873
p11 10.1283 -9.10077 0.985107
p22 10.1004 -3.28669 0.791162
c 10.7732 8.58535 0.775933
p11 10.1069 -4.81994 0.871487
c 10.658 0.364391 0.456221
p21 10.0463 -10.2522 0.967193
c 10.6562 11.2566 0.189978
c 10.7876 -5.137 0.253975
p11 10.1381 -10.0227 0.760613
c 10.1224 8.91421 0.389874
p21 10.1011 -4.794 0.9476
pu 11.2145 3.99365 0.943968
p11 10.1455 -8.79131 0.0804163
c 10.1011 -4.40016 0.178228
c 11.2591 11.9165 0.429823
p22 10.1503 -10.3273 0.215552
c 10.4025 5.30033 0.512925
c 11.5529 0.482315 0.507614
c 10.2674 -11.2053 0.254463
c 11.5627 -5.47465 0.783105
p11 10.079 -10.5425 0.75512
p21 10.0142 -4.88372 0.858486
c 10.9582 6.90658 0.18775
c 11.6216 11.5935 0.110904
c 10.2029 0.0596943 0.444868
c 10.3905 -9.45842 0.874783
p12 10.017 -3.44935 0.192999
p22 10.0352 -8.74737 0.3726
c 11.7576 10.6538 0.970977
c 11.7195 3.62084 0.30015
c 10.8922 -3.38499 0.872555
p12 10.0436 -9.85122 0.692251
p22 10.0537 -1.51997 0.703726
c 11.2246 3.19749 0.237953
c 10.1621 8.68423 0.571825
c 10.6877 -9.44816 0.601367
p11 10.0079 -3.68252 0.240638
c 10.0975 4.49098 0.960875
p21 10.0793 -3.79421 0.21427
c 10.4652 -10.2817 0.692557
c 10.2209 6.03131 0.753929
p11 10.0793 -2.07816 0.979736
p22 10.0173 -8.65368 0.150609
c 10.6843 3.72778 0.90286
c 10.8377 9.23283 0.103732
c 10.1416 -3.86914 0.791009
p11 10.1359 -8.61278 0.580615
p22 10.1497 -2.35221 0.950468
pu 10.3095 9.62688 0.50029
c 11.5394 2.24165 0.872127
p11 10.1245 -10.981 0.289834
p21 10.0718 -5.08637 0.466262
e 0.0 0.0 1.0