p21 11.9604 1.62639 0.43411
c 10.0828 -9.54485 0.538898
p22 10.0483 1.24931 0.2353
c 11.2515 6.6451 0.355274
c 10.0715 -2.78658 0.301488
p11 10.5139 2.86373 0.606722
c 10.3203 -4.00537 0.353345
p11 10.0256 2.17243 0.681212
p21 10.0162 -1.87237 0.637876
c 10.3806 10.2143 0.385109
c 11.16 5.06229 0.0360994
c 10.7133 -9.43205 0.0943776
c 10.1179 11.4097 0.384694
c 10.2872 -9.45402 0.580183
p12 10.1008 1.60332 0.0319245
c 11.8103 -4.11304 0.728479
p22 10.1371 4.59487 0.801528
c 11.7672 -8.20228 0.0412754
c 10.6821 -1.9765 0.524664
c 11.8852 -10.8903 0.164326
c 11.1957 11.6755 0.278612
p11 10.0962 5.52092 0.599715
c 10.0738 -2.20063 0.0736738
c 11.6558 9.86346 0.251389
p21 10.0728 3.35118 0.793569
p22 10.0012 -1.33818 0.0218412
c 10.4937 -9.27604 0.801992
p12 10.1118 -1.89581 0.723474
c 11.1093 3.35057 0.407717
c 10.911 -6.55721 0.531134
c 10.3276 10.4135 0.161225
p22 10.149 -0.824244 0.559773
c 11.694 4.5862 0.673961
p11 10.1136 -1.12259 0.608114
c 10.7913 -9.92718 0.560359
c 10.0946 6.23933 0.12409
p21 10.161 -0.258553 0.517511
c 10.9559 -6.25471 0.376515
c 10.4989 8.54579 0.434281
p11 10.1625 -1.36992 0.0937916
c 10.675 -6.67879 0.475444
c 10.8439 5.88702 0.530914
p11 10.022 -1.41923 0.264964
p21 10.1275 3.98181 0.635678
c 11.8826 -7.7965 0.347779
p22 10.1115 -1.13041 0.504595
c 10.2265 6.24445 0.489922
c 11.0245 -6.82601 0.741614
p11 10.0471 5.27213 0.114422
pu 11.787 11.3642 0.666075
p22 10.1132 3.61559 0.136176
c 10.2762 -4.12769 0.786415
c 10.2695 -9.73602 0.129144
c 10.3493 7.40977 0.736414
p12 10.0375 -1.33769 0.273656
c 10.236 10.0737 0.0360994
c 11.1166 -9.89642 0.498198
p22 10.0038 4.61489 0.147138
p12 10.1179 -0.12891 0.678624
c 11.8359 -10.6787 0.0253081
p12 10.106 4.06555 0.77831
c 10.1508 9.47746 0.25969
c 10.9978 -11.0852 0.732117
p22 10.0501 -2.30427 0.235471
c 10.2565 -11.3723 0.421902
p11 10.0276 -1.44292 0.709875
c 11.3592 10.571 0.307812
c 10.1977 -7.97522 0.730261
c 11.0584 -1.78314 0.287303
p22 10.0531 4.16761 0.112957
p11 10.075 -2.22932 0.280125
c 10.0099 6.98935 0.597542
c 10.1978 -3.12351 0.482231
p11 10.0643 5.44694 0.649131
c 10.4574 11.748 0.284276
c 11.8465 -11.4646 0.777797
p21 10.0762 3.72814 0.568025
e 0.0 0.0 1.0