c 11.9964 4.81326 0.586263
p11 10.4524 0.395398 0.292943
c 11.0694 -10.204 0.518414
c 10.1117 5.90314 0.43577
p22 11.1421 0.268929 0.621884
p12 10.0626 7.5327 0.293505
c 11.9927 -9.72576 0.211349
c 10.9606 -5.23295 0.30642
c 10.7381 2.34126 0.0742354
p21 10.0761 8.54152 0.386769
c 11.9271 -9.29508 0.607504
c 11.8829 3.09421 0.560822
c 10.3822 -11.2214 0.688683
p12 10.1485 8.49562 0.29414
p21 10.1643 2.26911 0.39258
c 10.884 -2.3061 0.598543
p11 10.1904 8.77444 0.0987234
c 11.4535 -10.7673 0.227145
c 11.0694 -6.71322 0.329956
c 11.446 -0.704977 0.425833
c 11.0223 -11.4902 0.140985
p22 10.101 3.36656 0.293114
c 11.9703 7.61559 0.258054
c 11.5319 -6.02618 0.0847826
p11 10.122 2.17682 0.0699628
c 10.688 7.61998 0.231882
c 11.1051 -2.31123 0.160322
c 11.1894 -7.56725 0.517901
c 10.7313 2.82907 0.226364
c 10.8904 -4.19727 0.516973
c 11.4152 -11.2002 0.499248
p22 10.0916 2.67415 0.632895
p11 10.0787 7.06272 0.608724
c 11.0072 -10.7856 0.148505
p21 10.0368 0.840846 0.715808
c 11.4463 -3.9519 0.121722
c 10.6531 -10.6223 0.757044
c 10.5545 -4.532 0.195357
p12 10.08 4.10193 0.769008
p21 10.0494 8.28126 0.560798
c 10.6864 -8.94644 0.460478
c 10.2061 11.5825 0.257053
p22 10.1413 7.10984 0.729285
p12 10.121 1.59502 0.466386
c 11.2118 11.1372 0.232102
c 10.5024 -6.70956 0.141889
c 10.1097 7.06845 0.0112696
c 11.8181 -2.50752 0.350538
p12 10.0911 8.61379 0.275389
c 10.1154 -11.7722 0.25239
p12 10.1422 2.3343 0.432132
p22 10.0518 7.36106 0.532428
p21 10.0931 1.68975 0.515899
pu 10.9147 -8.72378 0.120331
p11 10.0704 6.35102 0.412649
c 10.2832 -4.34083 0.641587
c 10.5158 -11.8916 0.498589
p21 10.0353 8.30348 0.726941
c 11.5561 3.14036 0.29265
p11 10.0105 8.29225 0.387404
c 11.0664 -7.89245 0.540363
c 11.7394 0.863186 0.233566
p22 10.0394 7.92895 0.470317
c 11.2053 -4.06397 0.412478
c 11.5913 -9.40568 0.727673
p11 10.1859 2.30427 0.793129
p22 10.0052 7.76757 0.31477
c 11.8827 -9.29655 0.552131
c 10.7765 -2.14936 0.430154
p12 10.1144 1.88092 0.591512
c 11.848 -8.46229 0.127704
c 10.8078 -3.3264 0.258762
c 10.1409 3.0737 0.198263
c 10.4678 11.6807 0.620199
p21 10.0787 3.80798 0.0964772
c 11.0038 -8.8959 0.149067
c 10.7609 -0.423718 0.399026
c 10.0021 -6.64144 0.669835
p11 10.0817 1.67193 0.319384
c 10.3373 10.4758 0.493853
c 10.4088 -6.05768 0.113275
p21 10.0505 3.35948 0.557307
e 0.0 0.0 1.0