c 11.93 -1.93915 0.358562
c 10.9943 -6.4012 0.366283
c 11.6177 -11.1203 0.991852
p11 10.5466 -4.00317 0.694205
p22 11.2614 0.423749 0.675649
c 10.5094 -9.03214 0.203955
c 11.3849 9.80413 0.335337
c 10.2726 -4.4463 0.965575
p11 10.0789 1.89596 0.877529
p21 10.0781 -4.24345 0.805719
c 10.1252 6.63118 0.607959
c 10.6046 0.260385 0.988708
p11 10.1334 -4.50591 0.725364
p21 10.0696 1.13849 0.985992
c 10.1085 10.9057 0.146062
c 10.6438 -8.1012 0.350383
c 10.3937 6.13532 0.397107
p12 10.0311 -1.18305 0.336375
c 10.2034 11.0888 0.918943
p21 10.0799 -2.10318 0.228645
c 11.1972 5.78228 0.367138
c 11.0346 -8.82412 0.989746
p11 10.0939 -3.77804 0.564501
c 11.8422 1.68059 0.596088
p22 10.1345 -4.99145 0.943907
c 11.3866 4.313 0.186468
c 11.9191 0.256722 0.0357677
c 10.6297 -10.0356 0.467452
p11 10.0642 -4.52635 0.366222
c 11.479 7.71301 0.397931
c 11.6136 0.307261 0.833125
p22 10.1453 -5.26948 0.0616779
c 10.5496 11.1474 0.689901
c 11.2213 1.1254 0.0272835
c 10.4664 -10.987 0.734916
p11 10.064 -4.93866 0.498886
c 11.9911 4.60524 0.224006
c 10.1784 11.0119 0.518998
p21 10.135 0.672781 0.992859
pu 10.8476 -6.02033 0.114566
c 10.178 5.61895 0.11829
c 10.6972 11.6316 0.0764183
p11 10.1259 -6.09287 0.190069
c 10.3906 -11.3657 0.812738
c 10.7829 1.21256 0.507645
p22 10.0722 -5.53285 0.368999
c 11.9189 10.0883 0.581408
c 10.081 0.0538349 0.25779
p11 10.1044 -4.73754 0.245796
c 11.0793 9.83856 0.850063
c 10.0842 0.0523701 0.829768
p21 10.1342 -5.26978 0.447279
c 10.1207 -10.4919 0.0641194
c 11.7584 11.488 0.576678
p11 10.0098 -0.139317 0.332102
c 10.0519 3.91894 0.464461
c 11.1166 8.24842 0.671926
p22 10.0797 -3.19056 0.122593
c 11.7584 -8.39125 0.53267
c 10.6397 5.29374 0.918424
p12 10.0076 -1.14154 0.873562
c 11.066 -5.27323 0.0743126
p21 10.0076 2.98273 0.610065
c 11.3877 -10.0092 0.477706
c 10.3854 -5.75225 0.964354
p11 10.1032 0.69567 0.0634175
c 11.3799 9.84735 0.536943
p22 10.1009 -2.50816 0.659108
c 10.873 6.76742 0.890866
c 11.8218 -8.65639 0.983825
p11 10.0579 1.96432 0.680258
p21 10.1288 -6.27445 0.992981
c 10.6523 -10.9519 0.872005
p11 10.093 1.96219 0.460311
c 11.4411 6.15949 0.42439
p21 10.0147 -1.01978 0.0899075
pu 10.4295 -8.79189 0.390362
c 10.0634 10.3278 0.622028
c 10.9166 4.36866 0.196875
c 10.3139 -7.87634 0.945494
p11 10.1224 -2.90796 0.387738
p22 10.1493 1.31947 0.490402
e 0.0 0.0 1.0