p12 11.9535 -7.86682 0.796254
c 10.3302 1.32023 0.507623
p22 10.9276 -3.85522 0.661924
c 10.4594 2.77194 0.675084
p12 10.0375 -9.77496 0.456718
c 10.9834 -2.39985 0.457694
p12 10.015 -6.65303 0.546027
p21 10.0994 -11.6459 0.6087
c 11.0963 10.7102 0.347706
c 10.979 -2.29731 0.691686
c 11.6031 11.1767 0.491753
p12 10.0327 -5.34098 0.691637
p22 10.0415 -11.2594 0.641196
p22 10.1314 -3.88928 0.747889
c 10.4569 10.9314 0.732532
p11 10.1485 -10.8311 0.540924
c 10.2783 -0.776024 0.471293
c 11.2243 4.90994 0.766517
p22 10.0244 -4.57363 0.436698
c 11.548 -9.97626 0.427444
p11 10.1626 -5.83905 0.13139
c 11.9632 3.60619 0.253049
c 10.9656 -10.0832 0.308495
p22 10.1162 -5.36027 0.580305
c 11.196 -0.496231 0.521686
c 10.5566 -7.09482 0.109832
c 10.0634 3.1301 0.344458
c 10.0309 -4.74807 0.777284
p11 10.1126 -9.49614 0.42532
p21 10.0723 -3.9884 0.631747
c 11.365 4.23902 0.619491
p22 10.1116 -8.64309 0.723303
c 10.3582 11.2229 0.406643
p12 10.1649 -8.83792 0.6796
p21 10.098 -4.66567 0.511431
c 10.316 -0.178349 0.0908618
c 10.3206 -9.75579 0.364576
c 10.5946 3.97168 0.428152
c 10.4704 -1.34001 0.548664
p12 10.0204 -8.98489 0.286962
pu 10.2964 7.9613 0.463871
p22 10.0936 -4.26038 0.261033
c 10.4497 -10.341 0.29995
p21 10.0428 -4.99991 0.199435
c 10.9707 0.374645 0.280077
p11 10.077 -9.43437 0.349854
c 10.953 5.03299 0.309911
p11 10.0438 -9.34623 0.575715
c 10.1669 -4.65944 0.374684
c 10.1389 8.66006 0.54693
p21 10.1169 -6.54439 0.16894
c 11.2697 2.3039 0.418606
c 10.4445 9.6137 0.422781
p11 10.1394 -11.6625 0.0233549
c 11.6631 -1.27116 0.447782
c 10.0289 -6.66268 0.0117335
c 10.2921 5.18973 0.691051
c 10.1412 -9.34709 0.436649
p21 10.0873 -3.91491 0.739881
c 11.1142 5.19266 0.664781
p12 10.0023 -3.88269 0.112811
p22 10.0637 -11.3089 0.751478
c 11.3733 0.12122 0.35066
c 10.2697 -11.5591 0.344117
p12 10.0057 -5.93841 0.0333894
c 10.9812 4.77004 0.622543
p21 10.03 -10.4083 0.129779
c 11.573 11.9604 0.170234
c 11.36 0.020875 0.539044
c 10.4793 5.85846 0.0812424
c 11.2157 10.1931 0.391262
c 10.8807 -9.29728 0.409255
c 11.0604 -3.94751 0.607382
p11 10.0595 -9.71514 0.516876
e 0.0 0.0 1.0