p22 11.9238 1.68572 0.673912
c 11.9858 -6.26423 0.213522
c 11.4697 2.1164 0.359596
c 10.6131 -4.81033 0.317749
c 10.1325 0.984039 0.30288
p12 10.3875 -3.76244 0.56927
c 11.693 -9.36247 0.582503
p21 10.1173 5.01065 0.343946
c 10.7969 -7.06479 0.109881
c 10.7152 -11.417 0.462138
p22 10.021 3.14731 0.671812
p12 10.049 -2.23029 0.586019
c 11.5243 7.90051 0.600692
p11 10.1053 -0.837672 0.201729
c 11.0279 -10.0173 0.421853
c 11.2606 5.76031 0.315942
p21 10.1302 1.06497 0.281053
c 10.5324 -3.50658 0.224631
c 11.4978 5.57793 0.227487
c 11.0335 -8.59706 0.333228
p21 10.1107 -2.22419 0.59388
p12 10.0222 3.34996 0.329956
c 10.0414 -10.4165 0.0504065
c 10.6117 10.5974 0.305859
c 10.0497 -2.62618 0.474565
c 10.242 -7.61412 0.595052
p12 10.0829 -1.21171 0.085222
c 10.1284 8.39638 0.376808
p21 10.0131 0.35548 0.116546
c 10.017 -9.05631 0.494365
c 10.0877 -4.38111 0.72738
c 10.2796 -11.1006 0.726233
p12 10.0835 1.28568 0.795693
p21 10.1116 5.4135 0.562287
c 11.5099 -5.61382 0.226266
c 10.4311 9.70379 0.700207
c 10.9192 -0.896877 0.685777
p11 10.0121 3.91369 0.799453
p22 10.006 -1.77276 0.728747
c 10.7193 11.6243 0.719299
c 11.9611 2.95431 0.652915
p11 10.0914 -1.22806 0.586971
p22 10.0411 3.79797 0.742932
c 11.9436 -5.77569 0.349122
pu 10.3039 9.25773 0.109246
c 10.0871 -10.0114 0.332617
c 10.3017 -1.14444 0.513555
p11 10.1402 4.65444 0.444779
c 10.4732 0.443496 0.475004
p22 10.0395 4.56874 0.724035
c 11.8157 11.2976 0.414285
c 10.6419 0.112431 0.643857
p11 10.0695 5.00211 0.421316
c 10.2427 -6.46419 0.307421
p21 10.0386 2.04108 0.681529
c 10.7276 9.33683 0.699962
c 10.5617 -5.92291 0.573421
p11 10.0746 3.14048 0.366871
c 10.6361 -6.46785 0.734412
p22 10.0596 0.519303 0.325366
c 10.5157 -10.7219 0.663609
c 11.4759 8.50844 0.443631
p12 10.0151 4.23914 0.522931
p22 10.0813 -0.321787 0.248948
c 10.275 9.84881 0.0598795
c 11.6775 -8.43959 0.766444
c 10.7703 2.13398 0.31875
c 11.4682 -11.1137 0.338379
c 11.2727 -6.21735 0.17082
c 11.4549 -2.18598 0.590828
p11 10.0043 3.61022 0.282665
p22 10.0782 -2.05841 0.0336091
c 10.4051 -6.95785 0.5211
c 10.9465 10.1491 0.209713
c 10.1184 -3.39744 0.255857
c 10.4261 5.38383 0.612094
c 11.5367 -7.48082 0.396633
c 11.443 9.9367 0.142255
c 10.7852 0.132207 0.471098
p12 10.1447 5.67254 0.273045
p21 10.0078 -1.8587 0.702209
c 10.0304 2.4482 0.722839
c 10.8957 -10.5637 0.71405
c 11.8073 -5.37724 0.640512
p12 10.017 2.90951 0.399343
e 0.0 0.0 1.0