c 11.8093 -8.60805 0.979736
c 10.3333 6.00128 0.218085
c 10.2539 -2.13178 0.813685
p12 10.612 2.56829 0.188543
p21 10.1377 -2.32444 0.284158
c 10.2395 11.2947 0.648091
c 10.2493 -7.39586 0.600696
c 10.4445 -11.4455 0.26017
c 10.5582 7.05161 0.753441
p12 10.0384 -4.69268 0.455245
p21 10.0376 -9.78103 0.496048
c 11.0988 0.466933 0.82342
c 10.5394 7.73717 0.298441
c 10.7782 -4.92459 0.196081
c 10.4906 -0.472793 0.457381
p11 10.0209 -6.1539 0.33723
p21 10.0544 -10.6667 0.866176
c 11.0395 3.77685 0.243965
c 11.1152 11.4184 0.244819
c 10.284 -5.11356 0.821863
p11 10.027 -9.41542 0.339
p22 10.0591 -4.34416 0.80752
c 10.6452 9.06363 0.351756
c 11.7587 1.87982 0.574664
c 10.2122 -4.2815 0.700644
p12 10.0471 -8.52855 0.435011
p21 10.0438 -4.03012 0.522843
c 10.1354 1.34587 0.689383
c 11.7802 7.82873 0.481826
c 10.8198 -10.3864 0.547197
p12 10.0501 -5.33143 0.929044
p22 10.0222 -9.37147 0.336497
c 10.4541 0.87344 0.99295
c 10.5659 11.633 0.590594
p11 10.0267 -7.69448 0.271493
c 10.4091 4.03174 0.704428
p22 10.0105 -6.50243 0.162389
c 10.9201 -0.778222 0.789392
pu 11.4144 -11.6338 0.0436109
c 10.5253 5.64092 0.658803
p11 10.0456 -5.84197 0.95529
p21 10.0184 -9.98154 0.889187
c 10.2611 5.15092 0.247475
c 10.6315 10.6955 0.933164
p12 10.0363 -10.5168 0.0462355
c 11.7648 -2.83932 0.491073
p22 10.0595 -10.797 0.795892
c 10.6977 7.37388 0.493698
c 10.9744 -2.07904 0.181677
c 11.1848 2.86862 0.786279
p12 10.0475 -5.14405 0.018128
c 10.2329 -9.94623 0.610034
p22 10.0077 -4.24619 0.134678
c 10.5233 8.0426 0.75161
c 11.6391 0.531388 0.136357
c 10.4524 -9.48552 0.703604
c 10.1036 -2.50093 0.344066
p12 10.0045 -8.00302 0.143101
c 11.0735 6.60701 0.21012
c 11.6761 2.03803 0.824519
p21 10.0273 -11.7943 0.772881
c 11.1579 -6.04743 0.203925
c 10.7492 6.13092 0.219337
c 10.5311 -0.21717 0.556658
p11 10.0222 -11.9051 0.895688
p21 10.0433 -6.51952 0.601672
c 10.1099 0.660299 0.0541398
c 10.1459 8.06604 0.95996
p11 10.0454 -6.40019 0.481796
c 10.2542 -0.852931 0.969634
p21 10.0187 -5.75472 0.504288
c 11.7241 9.84808 0.204627
c 11.4789 -10.9944 0.240669
c 10.0037 6.68831 0.734977
p12 10.0051 -5.93509 0.494766
c 10.6086 -0.748924 0.943754
p21 10.0075 -5.2826 0.935667
pu 10.4716 11.2097 0.0847499
c 11.0373 2.07392 0.513535
p11 10.0386 -7.06152 0.595599
c 10.3283 9.70159 0.499832
p21 10.0456 -7.28767 0.167089
e 0.0 0.0 1.0