c 11.9984 -1.96258 0.496367
c 10.1277 -6.63631 0.791787
c 11.3282 6.90439 0.513824
p12 10.9558 -2.133 0.0678387
p21 10.4719 3.19675 0.200924
c 10.3264 -3.93066 0.621005
c 10.5936 1.95746 0.110638
c 11.2757 11.3496 0.516192
c 10.7979 -0.56801 0.483647
c 11.7994 -10.6626 0.68629
p11 10.082 -0.458265 0.300732
p21 10.1679 -5.02359 0.398952
c 11.6443 7.10727 0.621835
c 10.591 -11.6719 0.358839
c 11.5836 3.10373 0.799135
c 11.4181 9.30534 0.225143
p12 10.1699 -3.20102 0.286888
p21 10.1041 1.0784 0.748719
p22 10.1165 -3.80236 0.462235
c 11.5919 -10.1682 0.0191067
c 10.376 8.60659 0.4533
c 10.3359 -3.34178 0.451224
c 11.2531 -8.54579 0.779652
p11 10.0501 0.175299 0.76996
p22 10.1873 -5.95013 0.0298492
c 10.0351 9.05118 0.14433
c 10.1175 -10.4677 0.427859
c 10.2647 10.2963 0.132709
c 10.2825 4.83816 0.462406
c 10.1383 -0.385632 0.522271
c 10.4177 7.83386 0.344458
p11 10.1844 -3.00473 0.266746
c 11.155 -7.63829 0.431058
p22 10.1364 -0.0136714 0.54676
p11 10.1405 -4.7228 0.544025
c 11.5127 7.90344 0.370216
c 10.5321 -11.6843 0.492339
c 10.935 2.42988 0.13786
c 10.7045 -3.92407 0.76327
p22 10.037 1.48955 0.598446
p12 10.0498 -5.12662 0.398586
c 11.691 9.21085 0.452177
c 10.4273 -4.78323 0.5774
c 11.219 8.29749 0.740076
p21 10.085 0.725365 0.649814
p11 10.1896 -3.8009 0.383449
pu 11.4388 -10.0048 0.689147
c 11.0633 7.70788 0.235666
c 11.8209 11.981 0.746985
p21 10.1979 -0.33497 0.151533
c 10.2962 -9.34928 0.800698
p12 10.1489 1.04886 0.759217
c 11.1344 7.96277 0.518585
c 11.2678 -10.9387 0.0879565
c 10.055 -3.78344 0.727966
p21 10.0809 1.55718 0.585628
p11 10.1682 -4.68154 0.130609
c 11.7529 10.4765 0.686778
p21 10.0175 2.02252 0.486357
c 11.1836 -4.26685 0.122723
c 10.2261 10.3315 0.670225
c 10.2414 -9.4423 0.615243
p11 10.1765 0.215827 0.320337
c 10.7185 -5.32524 0.678844
p22 10.1753 1.34501 0.204342
p11 10.1094 -4.49403 0.591902
c 11.0827 -11.3276 0.216549
c 11.581 10.8098 0.52127
c 11.6664 1.44841 0.0948659
p11 10.1074 -2.58675 0.648618
c 10.5019 5.30546 0.0481848
c 10.5939 10.5087 0.270652
p22 10.0082 -4.99405 0.683678
c 10.819 -10.2224 0.208321
c 10.0408 7.5841 0.393142
c 11.3072 -0.183477 0.592488
p11 10.08 -5.9389 0.0382968
c 10.9928 11.5979 0.335181
c 11.4205 -10.3066 0.692784
p21 10.1355 -1.21024 0.4679
c 11.3526 -7.22959 0.29309
c 10.0255 10.7124 0.627304
c 10.9637 5.0264 0.798061
p11 10.086 -2.9454 0.0817307
c 10.9991 -10.0641 0.459989
p22 10.0961 -4.41591 0.229782
e 0.0 0.0 1.0