c 10.1542 -5.91192 0.0960723
p11 11.6293 2.47978 0.447737
c 11.8607 10.7168 0.863063
p21 10.4384 3.58852 0.986511
p12 11.7607 -5.66488 0.956603
p22 11.6034 -1.50581 0.849788
p12 10.7752 -7.68398 0.899167
p22 10.481 -3.19166 0.735923
p12 10.533 -7.29609 0.808191
p22 10.4875 -3.54842 0.285226
c 10.8763 8.18323 0.232398
p22 10.0196 -9.06464 0.467422
p11 10.058 -1.26624 0.462478
p21 10.5253 -5.19092 0.358745
c 11.5741 7.29624 0.379101
c 10.0727 11.1738 0.747917
c 10.9359 -10.4948 0.169347
p11 11.1196 -5.01758 0.281259
c 10.2938 4.51662 0.378399
p22 10.474 -10.4062 0.607227
p11 11.3515 -2.32218 0.379345
c 11.4422 8.4579 0.39201
p12 11.3876 -6.4788 0.582568
c 10.9872 5.56841 0.611286
p22 10.6807 -3.08026 0.216254
p11 11.1607 -10.8738 0.558123
c 10.6661 8.85708 0.698447
p11 10.1655 -1.37306 0.259529
p22 10.5863 -5.79031 0.575396
p22 10.9033 -9.88803 0.342235
e 0.0 0.0 1.0