p12 11.8909 -3.99045 0.956816
c 11.624 -11.1701 0.860866
p21 10.7199 -4.72106 0.0414136
p12 11.6338 0.0823998 0.369427
p21 10.4768 -8.91263 0.760155
p21 10.5305 -1.97363 0.478072
p22 10.0109 -8.26075 0.891873
p11 10.5701 -3.45073 0.535905
p22 10.8982 0.26307 0.614856
c 11.2217 7.3065 0.858211
p11 11.7226 -3.45042 0.736625
p21 10.8736 -8.0752 0.190374
p12 10.0902 -1.53172 0.709861
p11 10.5349 -5.44725 0.554399
c 10.0903 5.72735 0.380688
c 10.3047 -10.0319 0.891629
p22 10.1708 -0.234382 0.0315256
p11 10.8042 -5.70299 0.962676
p21 10.0183 -0.162358 0.692984
c 10.0121 11.9692 0.403119
p12 10.1359 -7.42668 0.910215
p21 11.0696 -3.68725 0.681326
p22 10.8317 0.405897 0.804559
p11 10.9178 -6.91733 0.737266
c 10.6386 4.8909 0.907224
c 10.1612 -5.52226 0.384411
p12 10.7907 -0.994903 0.793023
pu 10.2953 10.623 0.149022
c 10.1658 -5.97345 0.406079
c 11.7234 5.20438 0.810877
c 10.1751 -9.71624 0.244545
e 0.0 0.0 1.0