p12 10.0831 -2.33573 0.560747
c 11.2665 -7.34019 0.885647
p12 10.7085 1.5482 0.460738
p22 10.5217 -2.85485 0.868313
p12 10.0474 1.02695 0.0656148
p21 10.5654 -6.51448 0.473434
c 10.906 10.3381 0.553026
p21 10.3881 -0.031739 0.469588
p11 10.2095 -4.65133 0.172216
c 11.3258 5.75005 0.681875
p21 10.2872 1.34098 0.640584
p22 10.7539 -5.84796 0.823786
p12 10.1668 -0.829798 0.739647
c 11.4912 11.0434 0.209387
p21 10.0164 -6.79159 0.609027
c 11.164 4.42726 0.5215
p12 10.3927 -1.41514 0.544755
p12 10.0238 -7.17399 0.468429
p22 11.0534 2.37159 0.166601
p12 10.1122 -1.44688 0.939329
p12 11.328 2.41249 0.0442518
c 10.5853 -11.8308 0.814142
c 11.4215 -7.89245 0.318857
p21 10.0054 2.33619 0.323435
p11 10.5537 -1.79022 0.383526
c 10.2074 -11.0471 0.773156
c 11.1947 9.52654 0.297128
p21 10.2508 -1.5479 0.635487
p21 11.35 2.60628 0.231391
c 11.3219 8.82705 0.720725
e 0.0 0.0 1.0