c 11.9097 7.17759 0.40574
p11 11.544 -0.585345 0.470732
c 11.0645 7.17539 0.209982
c 11.0193 -10.6069 0.499273
p22 11.0232 1.40519 0.278294
c 10.8419 9.93011 0.108831
c 11.4753 -6.16095 0.499883
c 11.2493 -11.7759 0.0962575
c 10.2382 2.52364 0.350977
p11 10.0699 10.3756 0.441971
c 10.3463 0.887357 0.45557
c 10.4848 -11.6147 0.0463781
c 11.1587 5.76104 0.412551
p21 10.1339 9.90753 0.741321
c 11.9836 -10.0744 0.49666
p12 10.0722 6.80856 0.486357
c 11.8397 -11.0075 0.271287
c 10.7049 11.9092 0.0427158
c 11.036 1.20304 0.713708
p22 10.0576 6.02142 0.467875
c 10.8667 -3.28025 0.126214
c 11.281 11.5422 0.451542
p11 10.0967 6.33198 0.27722
c 10.9673 0.890286 0.601668
c 10.8628 -8.84756 0.633676
p21 10.1331 7.79711 0.148603
c 11.5228 -1.70769 0.727063
c 10.2874 -7.81188 0.584114
p12 10.0269 4.76138 0.229147
c 11.8087 9.85614 0.430814
c 10.4346 -10.8296 0.771913
p21 10.1228 4.48378 0.729822
c 11.3757 11.1672 0.451517
p12 10.0887 6.31172 0.284862
c 10.8773 -1.2653 0.570613
p21 10.1292 6.96701 0.321509
c 10.157 -8.46083 0.807656
c 11.7365 -0.560686 0.793081
p11 10.1018 9.64653 0.292772
c 10.0994 -0.892483 0.424539
p21 10.1176 3.93909 0.664854
c 10.0599 8.52236 0.0385653
c 10.0209 -11.3071 0.0465246
c 10.4854 -2.81515 0.691881
c 10.7232 2.4709 0.140229
p11 10.0102 9.30815 0.100872
c 10.3197 -1.76995 0.293969
c 10.8833 4.83377 0.408889
c 10.4403 -6.17414 0.157514
p21 10.1174 10.9264 0.546589
pu 11.375 1.1232 0.788124
c 11.1215 -5.08792 0.0228422
c 10.1466 5.93683 0.518267
p11 10.0436 10.8377 0.267894
c 11.9956 -11.0522 0.271946
c 11.6978 0.108036 0.136371
p22 10.0125 10.3087 0.637558
c 11.8516 -0.100711 0.449979
c 10.4917 -9.30973 0.0319001
c 11.4865 4.24488 0.696471
c 11.6398 -0.882229 0.646616
p11 10.0458 9.34623 0.403957
p21 10.0609 5.2924 0.24553
c 11.5473 0.438368 0.450614
p11 10.043 6.96506 0.402468
c 10.7903 -3.33811 0.447684
c 11.2856 -8.68423 0.164472
c 10.1663 7.20103 0.472319
c 10.838 -1.36344 0.575227
p21 10.0981 7.36424 0.587361
p11 10.0683 3.19053 0.107171
c 11.1969 -9.44377 0.693981
c 10.0673 11.7078 0.518682
c 11.48 0.522599 0.148969
c 11.6142 -5.627 0.198214
c 11.3249 -11.918 0.730725
p21 10.0297 10.2125 0.550056
p12 10.1086 4.87393 0.651548
c 11.1284 0.285288 0.625986
c 10.6803 9.59392 0.785024
p22 10.0991 3.96008 0.634848
p11 10.0768 9.69536 0.471342
c 10.153 -6.34846 0.235593
c 10.5866 -11.5547 0.150849
c 10.3826 1.40812 0.257957
c 10.1769 -9.38444 0.695641
c 10.1499 8.88638 0.598397
p21 10.0384 4.37513 0.443851
p12 10.0753 9.15287 0.145527
c 10.1763 -7.8844 0.111175
c 11.4804 -0.253059 0.64249
c 10.7147 -11.7825 0.408621
c 10.8015 -3.61058 0.765004
p21 10.1218 8.1543 0.301488
e 0.0 0.0 1.0