c 11.7593 2.13324 0.424757
c 11.7528 -6.18512 0.264077
c 11.0742 10.1894 0.565996
c 11.7623 -10.4567 0.406476
c 10.1145 5.16483 0.7228
p12 10.9057 -4.29106 0.832759
p22 10.3086 4.6646 0.286752
c 10.6459 11.4902 0.75222
c 11.2058 -7.69982 0.524308
c 10.3356 0.090457 0.542283
p12 10.0009 4.47874 0.0729087
c 10.2134 -4.57961 0.677023
p21 10.0137 7.03406 0.0733665
c 11.0622 -9.43791 0.903745
c 10.4665 2.94699 0.725211
c 10.4204 -7.71154 0.923582
p11 10.0127 0.757012 0.689535
p21 10.0042 5.06623 0.496384
c 10.9634 -10.1074 0.445753
c 10.2045 11.1042 0.859554
c 11.0658 -2.35517 0.90051
p11 10.015 4.50896 0.606281
p22 10.0087 -0.400555 0.892788
c 10.9914 -7.92175 0.360576
c 11.8713 9.79827 0.128941
c 10.3466 4.49098 0.225562
c 10.7556 9.70599 0.284555
c 10.424 -9.12369 0.239753
p12 10.0058 6.89367 0.341807
c 10.5757 -1.90179 0.834437
p22 10.0045 6.36479 0.736412
c 10.2122 -8.55165 0.819758
p11 10.0019 2.33451 0.771691
c 11.2314 10.2377 0.834193
p22 10.0078 0.641652 0.808313
c 10.3165 7.05307 0.426496
p12 10.0057 0.0495932 0.206122
pu 10.1998 -6.70736 0.710776
c 11.7391 11.5144 0.799005
p22 10.017 -2.28385 0.148808
c 11.5754 4.95096 0.910977
p12 10.015 -0.154576 0.525986
c 11.5425 11.8242 0.0484329
c 10.3053 7.15635 0.389752
c 11.406 -10.174 0.77694
p22 10.0162 1.75253 0.712912
c 10.9561 -7.27866 0.531297
p11 10.0187 4.23429 0.649464
c 10.6652 -2.95651 0.447676
c 11.383 8.85122 0.18952
p22 10.0127 -1.49312 0.791711
c 11.008 8.50771 0.51854
p12 10.0112 2.52098 0.740501
c 10.0948 -6.26716 0.0574664
c 10.641 -1.71282 0.853725
p21 10.0162 7.08258 0.535203
c 11.4776 -11.9451 0.735954
p12 10.0112 7.01178 0.260414
c 10.8753 -4.07129 0.885922
c 10.6417 -11.3415 0.124332
p22 10.0026 0.988648 0.183874
c 10.3584 11.3445 0.0534684
c 10.1555 -7.19443 0.332255
c 10.4256 5.41606 0.903104
p12 10.0175 -0.015106 0.599994
c 11.3307 -6.32722 0.822382
p21 10.0108 -1.37837 0.964751
c 10.4548 -9.33757 0.735252
p12 10.0113 -0.773491 0.215827
c 10.7887 9.56828 0.855617
p22 10.0104 4.91638 0.269234
c 11.1991 -4.93411 0.530656
c 10.9627 -0.808252 0.693747
p11 10.014 6.4359 0.352397
pu 10.6325 -7.59508 0.64272
c 10.1792 -11.8118 0.64922
p21 10.0154 2.13279 0.667074
c 11.3782 -6.08917 0.443251
p11 10.0222 1.70003 0.251381
c 11.9343 9.81658 0.802545
c 10.4627 -7.49181 0.500961
p22 10.0009 5.56032 0.920865
e 0.0 0.0 1.0