c 11.9009 -1.83514 0.908567
c 11.2101 3.30296 0.0396435
c 11.2459 -7.47276 0.158696
c 10.1318 0.775292 0.340373
c 11.2934 8.02942 0.25483
p12 10.0249 -2.93176 0.530412
p21 10.5708 4.74395 0.0127262
c 10.2499 11.0368 0.659261
c 10.8849 -10.5747 0.835231
c 10.3991 3.39744 0.326518
c 11.2073 -6.29499 0.0360424
c 10.3928 -1.34587 0.693991
p11 10.0073 -6.2501 0.720878
p22 10.0316 2.04849 0.275155
c 11.1706 9.25919 0.983642
c 10.9544 -11.3913 0.505997
c 10.0981 4.76931 0.996216
p11 10.0806 0.123082 0.730186
p21 10.0646 -6.1793 0.384259
c 10.2492 7.46544 0.519578
c 10.8491 -11.4455 0.191595
c 10.0501 -1.32023 0.769738
p12 10.1035 -5.66018 0.829493
p22 10.0234 2.48399 0.776116
c 11.6724 11.9802 0.0816065
c 11.7535 -10.7849 0.447768
c 10.4693 -5.189 0.33961
c 10.9515 9.83636 0.485183
p11 10.0756 -3.55745 0.666005
p21 10.0361 2.10648 0.986999
c 10.4782 11.5495 0.632374
c 10.7696 -7.33799 0.871853
p12 10.0954 -3.05389 0.170415
p21 10.0438 1.94229 0.142369
c 11.0994 9.48552 0.331492
c 10.0436 -11.729 0.864956
c 10.5306 6.74032 0.831416
c 10.2541 -5.25419 0.412061
p12 10.0363 2.84716 0.680074
p22 10.0629 -4.56883 0.977691
pu 11.7387 -10.5336 0.838893
c 10.0518 -0.970122 0.0069277
p11 10.1076 -5.09833 0.713065
p21 10.0069 2.86517 0.618244
c 11.7928 -11.748 0.485946
c 11.7633 10.0546 0.978942
p11 10.0955 2.10434 0.47908
p22 10.0221 -6.59893 0.324595
c 10.9634 6.36824 0.407208
c 10.6907 -11.2236 0.569384
c 10.6001 7.63756 0.926389
p12 10.025 0.847897 0.248268
c 10.3593 -4.5342 0.801569
p21 10.0758 0.269876 0.135441
c 11.1551 10.7724 0.319102
c 11.2821 -10.4392 0.0565813
c 10.2402 5.85186 0.966216
p12 10.0848 0.0879855 0.287729
c 11.4306 -10.1843 0.0994903
c 10.5236 -5.81011 0.0896634
c 10.3409 10.2817 0.426221
c 10.1405 4.68142 0.182989
p21 10.0839 -0.134494 0.291635
c 10.0056 -9.23502 0.915067
c 10.2238 8.8417 0.245369
p12 10.0028 0.944335 0.0104068
c 11.7408 -4.64479 0.886074
c 10.38 -10.5908 0.120457
c 10.5198 10.0129 0.765587
p21 10.0743 -0.452802 0.673147
c 10.0585 -6.24592 0.772881
p12 10.065 -1.84078 0.27427
c 11.1241 -10.5651 0.0623798
c 11.0939 3.72704 0.469588
c 10.4524 9.52068 0.632191
p21 10.0857 1.02735 0.950743
c 10.3577 -8.63295 0.810541
p12 10.0966 -0.515365 0.523057
c 11.3927 11.521 0.520463
p22 10.1125 -5.78927 0.468947
pu 11.6182 6.57332 0.617634
c 11.1134 11.4551 0.719779
p12 10.0443 -6.12741 0.797937
p21 10.0001 -0.176305 0.972137
e 0.0 0.0 1.0