c 11.6381 -2.93454 0.800989
c 11.9203 11.6916 0.946806
p12 11.5114 -0.511338 0.869686
p21 10.604 3.08618 0.233833
p12 10.1563 -5.1836 0.704917
p22 11.6545 -0.426069 0.633076
c 11.7329 -11.157 0.624439
p22 11.0032 -0.039094 0.0146184
c 11.2593 11.8901 0.310495
p12 11.4926 -6.05551 0.946776
p11 10.5363 1.93881 0.878384
p21 11.4291 -6.71532 0.695486
p11 10.9578 -2.49614 0.207068
p21 10.2359 -7.05408 0.723808
p12 10.335 -2.10276 0.349712
p21 10.2553 1.94095 0.267067
c 10.499 -11.3694 0.530076
p21 10.179 -1.75149 0.0560015
c 11.3602 6.26423 0.133854
c 11.9359 11.0947 0.99414
p11 10.315 0.756218 0.860347
p21 10.0224 -3.57955 0.972289
c 10.4543 4.41627 0.136174
c 10.3265 11.0229 0.320872
p11 10.5659 0.0906096 0.502487
c 11.7044 -8.23304 0.322581
p22 10.7183 -3.46754 0.900082
p11 10.1113 1.94491 0.725333
p12 10.3538 -6.06955 0.214515
p21 10.3453 -1.89157 0.380291
e 0.0 0.0 1.0