c 11.7642 -2.52364 0.217963
c 11.009 3.05612 0.285714
c 10.3848 -6.59822 0.456313
c 10.0002 2.10248 0.26133
c 10.0658 7.82727 0.35435
c 10.0729 -9.00723 0.987579
p12 11.2053 1.54509 0.801569
p22 10.0503 -4.16166 0.728141
c 11.7802 10.6186 0.641865
c 11.8502 -8.65712 0.765099
p12 10.0063 -4.50566 0.879269
p22 10.017 0.738641 0.870785
c 10.4235 -9.32365 0.270608
c 10.5211 11.5818 0.255531
c 10.2424 7.32481 0.829188
p11 10.0005 -4.65642 0.73928
p21 10.0161 -0.281288 0.163549
c 10.242 7.34825 0.939909
c 11.9863 -11.3027 0.0433668
c 10.0326 2.07318 0.686575
p11 10.0104 -2.63457 0.66924
p22 10.0121 -7.28407 0.166692
c 11.9153 -11.3782 0.739525
c 10.6956 8.3517 0.423139
c 10.5671 0.537981 0.308481
c 10.7446 -8.95083 0.99472
p11 10.0168 1.32673 0.885342
p22 10.0224 -5.9855 0.358837
c 11.0528 -11.9377 0.601886
c 10.108 9.44377 0.997253
p11 10.0287 1.61025 0.535722
c 11.4461 -10.4157 0.820124
p22 10.0073 -3.72378 0.00244148
c 10.2336 6.86557 0.57268
c 10.3134 -9.00723 0.207923
c 10.9532 11.028 0.858791
p11 10.0193 2.31034 0.348125
pu 10.752 -6.76449 0.554704
p22 10.0078 2.32286 0.165532
c 11.1213 8.81533 0.525895
c 10.3995 -3.38865 0.683981
c 10.7436 6.83627 0.996063
p12 10.0211 -0.700918 0.865719
p21 10.0275 -7.04144 0.891263
c 10.1981 8.49672 0.692068
c 10.7083 1.75091 0.279336
p12 10.0201 -6.55498 0.977447
p21 10.0211 1.17475 0.487686
c 11.8754 -11.3327 0.824549
c 11.8561 7.45226 0.573382
p12 10.0245 -6.7857 0.32313
c 11.0937 -0.871975 0.282876
c 11.4474 -11.6594 0.986541
p22 10.0237 -3.39296 0.124729
c 11.7741 2.33247 0.783227
p11 10.0094 -5.57533 0.811762
c 10.616 0.632466 0.106662
c 10.7781 11.0207 0.703848
p22 10.0064 1.18574 0.907437
p12 10.0059 -4.09 0.55681
c 11.2524 7.12119 0.877041
c 10.6371 -10.3315 0.889523
p21 10.008 -6.31083 0.219153
p12 10.0252 1.39967 0.747276
c 10.3818 9.52068 0.196326
c 10.1356 -9.97772 0.774438
c 10.096 10.1762 0.153264
c 11.2528 -5.69073 0.259804
c 10.8621 0.343883 0.235878
p22 10.0111 -4.42235 0.728629
p12 10.0004 0.677909 0.523118
pu 10.0533 11.7788 0.533097
c 10.7452 4.88064 0.560259
c 11.2606 -9.49651 0.964843
p11 10.0078 -1.23865 0.470992
p22 10.0082 -5.61348 0.209723
c 10.4605 4.47121 0.784387
c 10.9931 -10.2509 0.0591449
c 10.5245 9.34636 0.839808
c 10.4381 -7.75915 0.817652
p21 10.0078 1.82083 0.163457
e 0.0 0.0 1.0