c 11.8759 -2.8862 0.13419
c 10.571 -7.37095 0.441633
c 11.5889 2.32954 0.704428
c 10.9345 11.3027 0.292093
c 10.466 -5.17435 0.878658
p11 11.4778 0.648061 0.164525
p21 10.2596 -3.9111 0.87637
c 10.4251 9.29142 0.215278
c 11.3894 -9.66204 0.00238044
c 11.9102 1.66595 0.818598
c 10.6289 -7.31162 0.166784
c 10.1758 3.79077 0.141301
c 10.4659 -3.06418 0.455428
p12 10.0768 1.68258 0.494552
p22 10.0129 -4.19285 0.00274667
c 10.3804 9.59465 0.836634
c 11.8733 -11.0427 0.151006
c 10.1794 -2.17865 0.425245
c 10.545 4.71365 0.996307
p12 10.0353 -6.23789 0.292062
p21 10.0208 -2.10813 0.0917386
c 11.5848 9.63128 0.477065
c 10.0415 5.21903 0.267037
c 10.1252 -11.0801 0.496292
c 10.4645 -2.14496 0.0524613
c 11.3202 9.9704 0.918729
p11 10.0225 -6.26261 0.860012
p22 10.1046 -2.17954 0.250343
c 10.257 3.51244 0.135655
c 10.5282 11.8616 0.455153
c 11.822 -10.9306 0.408185
c 10.3439 2.10028 0.161657
c 10.161 -8.96841 0.852443
p12 10.082 -4.44951 0.282449
p21 10.0168 1.87271 0.293497
c 10.8264 6.98203 0.861446
c 11.5693 11.3086 0.156774
c 10.1005 2.92502 0.853725
c 11.4617 11.6777 0.50325
p12 10.108 -7.28254 0.632069
p22 10.0383 0.541491 0.815394
c 11.9957 5.49077 0.785638
c 10.2876 -5.17655 0.848933
p12 10.0678 1.71859 0.968566
p22 10.0878 -3.46223 0.421613
pu 10.9826 -9.31046 0.494919
c 10.7642 7.72326 0.790704
p11 10.0546 -5.64495 0.277078
c 11.2287 1.01114 0.254219
c 11.0675 -9.76092 0.445418
p21 10.0993 -2.77343 0.185888
c 10.2446 8.7311 0.644032
c 11.1667 -11.376 0.75454
p11 10.0712 -1.99032 0.711112
c 10.8883 10.2399 0.137852
c 11.2643 2.61812 0.970428
p21 10.0549 -4.35704 0.128147
c 11.1111 10.8896 0.275124
c 11.1847 -10.0898 0.316477
p11 10.0416 -5.28602 0.714072
c 10.204 7.92688 0.372387
c 11.404 2.63277 0.188818
c 11.6822 -9.29948 0.975555
p22 10.0079 -4.13364 0.44731
p11 10.0333 0.344035 0.800775
c 10.2208 -10.4619 0.875973
c 11.4655 7.44859 0.360027
c 11.4649 -4.78909 0.633625
p12 10.0456 0.63915 0.536637
p21 10.021 -4.06101 0.811212
c 10.0483 11.6418 0.65392
c 10.0026 -8.14222 0.8464
p12 10.041 2.10556 0.498764
p21 10.0879 -4.56395 0.854946
c 11.2044 8.65639 0.565935
c 10.1047 0.784815 0.0911283
c 11.4026 -10.0341 0.493027
p12 10.1093 1.78726 0.319468
c 10.5147 -9.53899 0.482162
p22 10.0446 0.773431 0.517136
c 10.2561 11.4587 0.445723
pu 10.7036 -6.42463 0.34376
c 10.3299 4.92093 0.408246
p11 10.0909 -3.79855 0.333811
c 11.8701 -11.7685 0.933256
p22 10.0243 -4.83465 0.702567
c 10.7044 10.3015 0.705832
c 10.7052 4.89383 0.816889
c 10.8381 -10.601 0.546617
p21 10.0681 -1.51546 0.52385
e 0.0 0.0 1.0