c 11.9706 5.71636 0.577595
c 10.5467 -3.26853 0.670518
c 11.3857 7.12632 0.766517
p12 11.324 1.03384 0.627524
p21 10.6115 -3.50999 0.207467
p12 10.062 2.00983 0.220334
c 10.2753 -9.96307 0.170405
c 11.4129 10.2253 0.480058
c 10.0969 -4.42726 0.650132
c 11.6521 1.28068 0.379079
c 11.1568 10.9995 0.796816
p12 10.1553 2.10163 0.240061
p21 10.0603 6.76241 0.14372
c 10.2658 -7.26988 0.112322
c 11.6274 -11.8345 0.0892505
c 11.2558 11.2573 0.24863
c 10.6192 -11.7898 0.738782
c 10.8354 -4.88284 0.174531
c 11.5141 -0.353404 0.445682
p12 10.1577 5.31657 0.357642
c 10.5673 11.4514 0.704919
p21 10.1249 6.85128 0.337134
c 10.3234 2.61519 0.806362
c 10.0871 8.90249 0.464726
p11 10.0325 4.56435 0.110613
c 11.1313 -10.9563 0.526276
p21 10.0482 3.38389 0.594002
c 10.7614 -5.20731 0.307421
c 10.8259 -11.0844 0.573811
c 10.6909 -5.53398 0.201046
p12 10.0322 9.66436 0.144941
c 10.3883 -9.56462 0.130951
c 11.7222 2.99094 0.078337
c 10.1514 -3.61205 0.148237
c 10.5439 4.21998 0.439115
p22 10.1478 8.35377 0.0173
c 10.8037 -7.95325 0.805508
c 10.64 -2.89425 0.475102
c 10.6495 -8.27332 0.0804123
p11 10.1655 2.12067 0.0440587
c 10.6256 7.95911 0.467656
c 10.6113 -6.66854 0.21025
c 10.7712 2.03217 0.212814
c 10.3016 10.0414 0.236936
p22 10.1004 2.98911 0.0417637
c 10.0657 -3.29124 0.228879
c 10.4549 -10.9541 0.0820725
p12 10.1077 6.3249 0.559284
c 10.1058 -0.84048 0.0540931
c 10.6001 -8.27918 0.804165
c 10.3858 3.66918 0.495977
c 10.9602 -1.41765 0.243161
p22 10.0435 5.26481 0.231735
c 10.8796 -6.52278 0.7151
p11 10.0657 8.50563 0.0500891
p21 10.1075 2.54085 0.256638
c 11.0897 -11.417 0.783046
p12 10.0903 1.92682 0.122845
pu 11.1437 9.30241 0.571687
p21 10.1566 4.77578 0.36902
p12 10.0079 9.00223 0.576936
c 10.114 -10.9087 0.205367
c 10.7632 -1.40959 0.667076
c 10.9607 -5.61602 0.42117
c 10.4883 -9.68841 0.179463
c 10.2741 -4.46388 0.711022
p12 10.1391 3.3314 0.249363
p21 10.1708 8.4048 0.0869311
c 10.1296 -10.6486 0.258079
c 10.0421 0.855862 0.147016
c 10.1318 6.29206 0.533331
c 11.7355 -3.42674 0.557575
p21 10.0763 6.88595 0.0705731
c 11.1064 -11.3628 0.505767
c 10.3046 -1.86663 0.283031
p11 10.0556 5.72991 0.177681
c 11.2348 -11.3847 0.775062
p21 10.0677 9.0137 0.635044
c 10.6078 1.93622 0.404861
p21 10.067 8.37574 0.437821
c 10.4475 -1.96112 0.246995
p11 10.1353 2.77304 0.0853929
c 10.1787 -7.23472 0.332935
p22 10.1583 6.24897 0.697594
c 10.0215 -0.447157 0.78539
c 10.0674 -11.4118 0.701989
p11 10.1713 9.18143 0.666465
p21 10.0285 3.65392 0.16247
e 0.0 0.0 1.0