c 11.9329 7.20762 0.802871
c 10.6452 -4.65065 0.0112452
c 10.5002 -11.5115 0.285448
c 11.3277 6.39973 0.580769
c 11.0752 -4.85134 0.573005
p11 10.1377 2.75802 0.283617
p21 10.2189 -2.89084 0.751429
c 10.2239 -11.2734 0.272874
c 10.6433 10.4978 0.479716
c 10.1348 -5.88629 0.0913257
c 10.722 1.69085 0.0440587
c 10.3009 11.7129 0.0746016
c 11.6451 6.24738 0.311791
c 10.7351 -11.6536 0.794667
p11 10.0538 4.24452 0.521759
p22 10.1087 10.9352 0.788613
c 10.358 -4.59938 0.119281
c 11.8258 -11.3686 0.701794
c 10.7553 -5.42778 0.697741
p12 10.141 4.0846 0.394753
p21 10.1326 9.80499 0.185762
c 10.4423 -8.47694 0.27766
c 10.2147 2.89352 0.169136
c 11.6587 -3.28538 0.0397616
p21 10.1226 9.55596 0.34043
c 11.4275 -4.46022 0.162104
c 10.8429 -9.38005 0.786244
p22 10.1323 4.15223 0.608602
p11 10.0961 11.1332 0.340796
c 11.652 -8.11072 0.568098
c 10.9866 5.72808 0.447391
c 10.0911 11.5547 0.482573
p21 10.0627 3.55089 0.0838792
c 11.3198 -2.20722 0.691222
p11 10.0792 7.02854 0.438065
c 10.7091 -7.88 0.628671
p22 10.0955 7.81762 0.168037
c 10.1884 -7.07944 0.546222
c 11.517 0.332896 0.619809
c 11.3428 6.75643 0.66273
p12 10.0071 10.9447 0.691173
p22 10.0823 6.3769 0.190718
c 11.3147 -11.7964 0.391726
c 11.0382 -0.914456 0.726916
c 11.7209 -7.77087 0.648716
p11 10.0285 8.30445 0.553645
p22 10.1083 3.36436 0.774696
pu 10.9144 -6.2884 0.346094
p22 10.0537 9.10331 0.0142482
c 10.7351 -1.11002 0.235739
c 11.1413 -11.5503 0.704797
p11 10.1395 9.2498 0.21672
c 11.3038 5.07401 0.386916
c 11.2172 -4.46754 0.614511
c 11.1722 2.64596 0.386989
p22 10.0554 10.179 0.803213
c 10.8302 -8.7311 0.127045
p11 10.1367 5.05509 0.405618
c 11.9529 0.981842 0.264769
c 11.0548 -11.0822 0.260471
c 10.4358 -6.79159 0.245774
c 11.9736 0.940092 0.73822
p21 10.1453 6.18134 0.167842
p11 10.005 10.6773 0.403371
c 10.3031 -10.7805 0.394631
p12 10.0325 8.14283 0.281322
c 11.115 -5.23881 0.681236
c 11.4614 3.44212 0.69337
p22 10.0793 7.70898 0.189546
c 10.3305 -11.0676 0.562141
c 10.5893 2.39106 0.457597
p12 10.0562 7.75561 0.138959
c 11.5473 -3.83544 0.702672
c 11.1205 -8.15906 0.44722
c 11.0428 3.96069 0.450468
p21 10.0109 8.22462 0.477763
c 10.8725 -3.48387 0.541706
p12 10.1423 6.93429 0.521148
c 10.2092 1.91205 0.0290924
c 10.1301 -7.2186 0.277196
c 11.4585 11.8997 0.64708
p12 10.0192 4.32875 0.637949
p22 10.0186 9.90265 0.308569
c 11.8875 -6.34407 0.0698895
c 10.2707 -1.4843 0.765345
c 11.5844 -9.6906 0.780605
p12 10.1304 4.82339 0.788857
e 0.0 0.0 1.0