c 11.9837 8.03455 0.607894
p12 11.8461 0.705954 0.0453038
c 10.5334 -6.79745 0.118597
c 10.7805 8.20081 0.318261
c 10.1776 -2.76754 0.264793
c 11.9133 1.25211 0.380373
p22 10.0324 -3.59471 0.579329
c 11.1224 11.54 0.373048
c 10.6926 -9.54704 0.490972
p11 10.094 5.77825 0.311474
c 10.103 10.8977 0.343164
c 11.0951 -5.408 0.562727
p22 10.1879 4.37196 0.259812
c 10.6112 -5.19047 0.562922
c 10.3574 3.97314 0.0949879
c 10.3293 -9.02921 0.34148
c 10.4542 10.5263 0.0823655
p12 10.1107 4.59999 0.0602213
c 10.7689 -4.49098 0.3782
c 10.0523 5.6856 0.458671
c 10.6411 -10.946 0.210519
p12 10.0186 11.3844 0.182735
p22 10.0139 6.72115 0.17856
c 10.666 -11.9729 0.0202298
c 11.5648 -1.07926 0.321118
p11 10.0201 6.88424 0.798012
c 10.2263 -1.4528 0.606869
p22 10.1184 7.69482 0.739441
c 11.2102 -11.9062 0.250657
c 11.3066 0.16297 0.760047
p11 10.0725 10.8433 0.571638
c 11.5671 -4.98978 0.148285
c 10.3998 6.2342 0.508672
p22 10.152 11.9674 0.451127
c 10.7406 -10.9138 0.270042
c 10.8151 4.19727 0.443753
c 11.7775 -0.73574 0.308886
p12 10.1408 8.76101 0.638193
p11 10.0801 4.15467 0.507427
p22 10.0782 11.3819 0.0531166
c 10.2322 -1.74505 0.746106
c 11.6774 -9.11344 0.522906
c 10.2094 7.79211 0.272923
c 11.0134 -11.0617 0.131464
c 10.2452 -3.52489 0.0803146
c 10.5882 -10.5629 0.711852
p11 10.1657 10.566 0.0948903
p22 10.0547 5.83123 0.802993
c 11.9576 -1.32536 0.720471
c 11.9377 -10.3044 0.389406
p12 10.014 10.8792 0.366432
c 11.967 -5.67315 0.519732
p22 10.1201 10.1602 0.0601968
pu 11.9931 5.98444 0.362672
c 11.8519 -11.8535 0.609066
c 10.0369 -6.6158 0.48311
c 11.6805 5.62627 0.586287
p11 10.0199 10.3995 0.665879
p22 10.1836 4.03504 0.172163
c 10.2858 -0.414197 0.729846
p22 10.0898 5.79827 0.344922
c 10.5205 -10.4062 0.564118
c 10.2885 4.40382 0.389064
p11 10.0764 11.7421 0.733704
p21 10.1359 4.36 0.343018
c 11.9833 -8.83218 0.271409
p12 10.0232 11.1473 0.472441
c 11.4381 -8.55532 0.585237
c 10.6264 -1.52385 0.610311
c 10.6777 6.12214 0.506451
p21 10.113 11.9633 0.670518
p11 10.1704 4.44545 0.04296
c 11.7508 -10.642 0.362135
c 11.3949 -2.65255 0.581648
c 10.142 7.88073 0.792519
c 11.0882 -7.09336 0.393801
p22 10.0021 5.76629 0.760462
p12 10.1708 11.3053 0.0123927
c 11.3556 -5.81231 0.272947
c 11.9121 -10.3447 0.647519
c 10.6926 -2.884 0.317602
c 11.925 10.5095 0.0532386
c 10.6088 6.10602 0.30017
c 11.5265 1.56853 0.0354646
c 10.8204 10.8435 0.299267
p22 10.067 4.44203 0.437088
c 11.7172 -4.31666 0.104095
c 11.433 11.7312 0.536261
c 11.3219 -0.165898 0.345704
c 11.7505 -6.00421 0.0719648
c 10.7219 0.780419 0.209615
c 11.8884 10.7585 0.534259
c 11.1534 -5.71197 0.647202
p21 10.0859 8.47218 0.45828
e 0.0 0.0 1.0