c 10.4156 7.31602 0.79574
p12 10.822 0.932188 0.840052
p22 10.4912 4.79705 0.358409
p12 10.0112 10.5398 0.478866
p11 10.0365 4.03787 0.0217292
c 11.319 -11.4844 0.829981
p22 10.0611 11.6785 0.719077
p12 10.1782 6.89959 0.891293
p22 11.2845 2.83239 0.273843
c 10.3563 -3.03561 0.777947
p11 10.1605 9.11615 0.618793
p12 11.0633 3.15345 0.737815
p21 10.0124 11.9986 0.813746
p12 10.236 3.07349 0.255593
c 10.3175 -9.82977 0.638752
p12 11.3872 7.8713 0.817591
p22 11.1297 3.29383 0.883724
p12 11.7209 11.7636 0.267403
c 11.4952 -2.71041 0.103366
p21 10.1874 7.18097 0.878231
p22 11.6446 3.38783 0.0805689
c 10.3856 -8.6476 0.346385
p21 11.6619 11.6477 0.430403
p11 11.0572 3.61306 0.466933
c 11.4224 -3.80688 0.96054
c 11.0895 -9.43498 0.773919
p21 10.6941 4.96686 0.0274361
c 10.5486 8.86221 0.814203
c 10.2186 -9.70818 0.300607
pu 11.2505 -4.82717 0.274026
p22 10.5107 2.4268 0.0880764
e 0.0 0.0 1.0