c 11.9701 1.79339 0.813746
c 11.0884 -8.92593 0.650777
c 10.2854 1.48576 0.00677511
c 11.7998 -3.11252 0.426984
p11 10.5437 4.40733 0.330027
p21 10.564 -3.90347 0.205756
c 10.9651 -9.64592 0.000701926
c 10.6616 11.5928 0.173742
c 10.035 -9.15445 0.254311
c 10.0027 -3.25828 0.366985
c 10.4725 1.69305 0.228858
c 10.3395 5.96906 0.885891
c 10.3718 1.78973 0.22602
p11 10.02 6.12351 0.444075
p22 10.1276 -2.71496 0.279305
c 10.0072 1.65642 0.477706
c 11.195 -9.14566 0.343303
c 10.9088 10.248 0.0669576
c 10.1993 -4.2024 0.699454
c 10.3358 10.5688 0.476119
p11 10.0247 4.23441 0.865749
p21 10.0414 -2.59777 0.143529
c 11.5254 -8.59853 0.802606
c 11.0734 11.4265 0.807886
p11 10.1443 3.20563 0.314188
c 11.8422 -6.06647 0.154424
c 11.2297 -1.34733 0.41438
p21 10.1689 5.73409 0.726493
c 10.0039 -7.43248 0.670217
c 11.1426 0.0772734 0.422529
p12 10.124 5.6053 0.353191
c 10.1344 10.1828 0.337687
p21 10.037 0.0024116 0.786676
c 10.4409 5.79986 0.507889
c 10.7179 -11.365 0.539659
p12 10.0588 2.10361 0.90405
p21 10.0018 -2.71557 0.685659
c 10.8882 7.05234 0.665792
c 10.2467 11.9663 0.0804773
c 10.6399 -11.3723 0.899167
p12 10.1348 0.472397 0.812433
p21 10.1406 5.80581 0.575243
c 10.8507 11.8059 0.24247
pu 11.6619 -8.1305 0.602191
c 10.638 -1.00528 0.792657
p11 10.0341 4.14927 0.540056
p22 10.0076 -0.707144 0.981109
c 10.3811 -11.3928 0.823786
c 11.5968 8.64541 0.647481
p12 10.0909 -0.0363469 0.24369
p21 10.0215 4.02231 0.519272
c 11.0457 -10.7812 0.694174
c 10.734 -0.802392 0.656331
c 10.3863 9.85174 0.459853
p12 10.0367 5.77773 0.691458
p22 10.1752 -0.992797 0.227699
c 11.6061 -6.45174 0.880032
c 10.4993 11.2302 0.023133
c 10.1717 -11.1701 0.302469
c 10.5664 -1.90252 0.681112
p11 10.1473 4.63665 0.122196
c 10.003 -8.4872 0.487533
p21 10.1656 -3.20508 0.908994
c 10.103 5.05643 0.633961
c 10.7195 0.934965 0.829707
p12 10.0034 5.76003 0.122593
c 10.5377 -6.53963 0.358257
p21 10.0468 -0.480391 0.551561
c 11.7235 10.5607 0.324595
c 10.3654 -8.82778 0.917661
c 10.0645 11.9385 0.478896
p12 10.1253 0.541674 0.992615
p21 10.0671 4.8695 0.387097
c 10.6991 -9.84002 0.953307
c 11.9098 11.0698 0.36082
p12 10.1028 5.44569 0.584216
c 11.2395 -3.72777 0.50792
p21 10.0444 6.71252 0.72631
pu 10.0958 -9.14493 0.523637
c 11.4442 -0.472793 0.798181
p12 10.1107 5.70571 0.467147
p22 10.0654 0.57738 0.267006
e 0.0 0.0 1.0