c 11.9538 7.50279 0.0769454
c 11.0568 -10.3037 0.556501
c 11.3102 2.01752 0.394289
p21 11.3218 -3.79345 0.402712
c 10.1303 -10.883 0.714196
p12 11.6263 0.164678 0.40115
c 10.5739 6.26203 0.599422
p12 10.0276 11.2037 0.293431
c 11.7953 -3.322 0.66876
p22 10.072 8.10547 0.527423
c 10.1194 -1.66448 0.193575
p12 10.043 3.89709 0.338452
p21 10.1486 8.11402 0.751673
c 11.9424 -11.896 0.41907
c 11.0718 -3.37107 0.285545
c 10.3304 0.94815 0.250461
p22 10.1155 7.729 0.119745
c 10.4798 -9.36906 0.536701
p11 10.1567 9.41923 0.607626
c 10.3154 -9.09366 0.0270659
c 11.472 -1.2924 0.217501
p11 10.0545 8.10352 0.478227
c 10.2441 0.0106211 0.751478
p22 10.0227 5.56462 0.664927
c 11.3614 -9.07169 0.625497
p11 10.0822 10.3109 0.592488
c 10.03 -1.35319 0.418264
p11 10.0633 6.50703 0.268235
p22 10.163 10.8153 0.0270415
c 10.7374 -10.3073 0.261326
c 10.2183 -5.08866 0.729382
c 10.4238 -11.3818 0.616098
c 10.1622 -2.09369 0.164497
p22 10.0531 10.4381 0.579842
p12 10.1425 4.47938 0.318261
c 10.1406 -6.79672 0.524127
c 10.7411 -0.743064 0.470756
c 10.4203 6.04303 0.212545
c 10.4436 -8.77871 0.225778
p12 10.0473 6.49702 0.249656
p22 10.1269 11.2626 0.532184
c 11.5234 -1.11734 0.64083
c 10.7783 -5.95441 0.0359041
c 11.5752 5.57134 0.497246
c 10.0338 -0.379772 0.623666
p12 10.0266 11.4491 0.233322
p22 10.1141 6.13178 0.385719
c 10.4943 -3.15281 0.663462
pu 10.3529 11.2844 0.503301
c 10.6853 -11.5166 0.350587
c 11.9977 3.61718 0.658067
p11 10.0374 11.1048 0.457719
p21 10.108 5.64251 0.61119
c 11.577 -5.38749 0.586897
c 10.5095 7.20762 0.095989
c 10.0784 -10.6106 0.330933
c 10.4125 -4.57521 0.127631
c 10.2659 11.4353 0.0560219
c 10.4164 0.695457 0.0694012
c 10.5979 5.07034 0.487847
p11 10.1047 9.99811 0.174141
p21 10.1135 4.97793 0.70006
p22 10.1143 10.348 0.541925
c 10.0186 -4.28956 0.0221342
c 11.9875 0.212043 0.771644
c 11.7926 -8.43446 0.716613
p12 10.0851 10.2191 0.166084
c 11.1189 -3.48753 0.553278
p21 10.1365 5.76727 0.389553
c 11.1111 -2.84225 0.121917
c 10.1367 10.8391 0.357301
c 11.4139 -7.64415 0.0452306
c 10.3872 -11.7649 0.480669
c 10.1502 9.67742 0.656187
p11 10.114 3.57213 0.484624
p21 10.0103 8.83963 0.444559
c 10.9152 -6.93002 0.770497
c 11.2229 3.10959 0.108904
c 11.1125 -1.77874 0.324023
c 10.5893 2.99094 0.502276
p11 10.0728 11.4095 0.362184
p21 10.0889 6.93649 0.326831
e 0.0 0.0 1.0