c 11.7733 -4.54298 0.637898
c 10.2222 8.30775 0.953825
c 10.6746 3.96216 0.97467
p11 10.2573 -0.78692 0.368358
p21 10.3958 4.4348 0.374798
c 11.2962 -4.90921 0.165807
c 11.6642 11.5891 0.756218
c 11.0141 -9.75433 0.042024
c 10.5794 -5.03738 0.273965
c 10.1153 0.147588 0.96878
p12 10.0104 -8.58837 0.667379
p22 10.0032 -4.11496 0.958953
c 10.0016 10.6245 0.631611
c 10.238 -8.63295 0.789361
p12 10.0322 -3.65017 0.996307
p21 10.0092 -9.39619 0.484817
c 10.6626 1.58098 0.701376
c 10.4447 -3.61425 0.96466
p11 10.004 -8.10251 0.717338
p21 10.0309 -3.31355 0.161138
c 11.9608 6.21442 0.573473
c 11.8302 0.964263 0.0795312
c 10.7664 11.4448 0.174566
c 10.3765 4.43385 0.910611
p11 10.0266 -7.31056 0.54622
c 10.3632 10.2062 0.264962
p21 10.0013 -0.45915 0.0431532
c 11.4381 -11.8894 0.50499
c 10.8098 5.4666 0.327647
c 10.0279 -3.71679 0.48909
c 10.7898 -10.2971 0.0294198
c 10.331 8.62343 0.762383
p12 10.0274 -3.88699 0.0777001
c 11.8249 2.35151 0.122623
c 10.4795 -10.4538 0.943052
p21 10.0109 -0.243079 0.0507828
c 10.1901 9.04825 0.88641
c 10.0007 1.28874 0.403027
c 10.3231 -3.86035 0.713065
p12 10.0277 -9.30189 0.271767
pu 10.8605 9.83856 0.383374
p22 10.0315 -5.88321 0.960753
c 10.3323 -1.40666 0.837703
c 11.6048 -10.779 0.43556
p11 10.0203 -1.95669 0.592395
p22 10.0262 -8.40983 0.825526
c 10.5463 2.25996 0.210028
c 10.4451 6.38875 0.244972
c 10.2879 -4.03394 0.430525
c 11.762 11.1072 0.875271
p11 10.009 -4.41099 0.780206
p22 10.0089 -0.106662 0.9111
c 11.3887 10.7592 0.744804
c 11.4458 -11.54 0.443007
p11 10.0239 -7.08899 0.225166
c 10.4481 -2.82247 0.701559
p21 10.0024 -7.74209 0.252358
c 10.2897 5.15165 0.295999
c 10.4281 10.2443 0.74453
c 10.1447 -0.79873 0.743828
p12 10.0101 -5.80721 0.251595
c 10.5647 -9.80999 0.773583
p21 10.0275 -3.32606 0.742576
c 11.3194 9.7514 0.283364
c 10.9897 -8.73916 0.61977
p12 10.0294 -3.99503 0.756584
c 10.5906 2.83419 0.344035
p21 10.0197 -5.43092 0.792047
c 11.8238 10.0656 0.898648
p11 10.0189 -5.88656 0.747063
c 11.9637 5.66656 0.0460524
c 10.3474 11.3078 0.848659
p21 10.0236 -3.51985 0.101993
c 10.1157 -8.68715 0.839198
p11 10.004 -0.945616 0.593585
pu 10.2076 3.70946 0.543626
c 10.1279 9.37785 0.901364
p22 10.0059 -8.8609 0.333171
c 10.6223 1.25651 0.746269
p11 10.0191 -8.23252 0.418256
c 10.1032 6.07673 0.530747
c 10.4157 -2.72799 0.975829
p22 10.0306 -6.99805 0.0501724
e 0.0 0.0 1.0