c 11.8723 2.05853 0.357276
p11 11.3683 -2.31025 0.644321
p12 10.0251 1.7608 0.130975
c 10.9745 9.50017 0.328955
c 10.0488 2.83786 0.403274
p21 11.3417 -3.94678 0.384889
c 11.6193 9.10685 0.52525
c 10.9332 -0.96939 0.660655
c 11.36 11.209 0.396535
p11 10.103 -0.776635 0.767421
p22 10.0509 4.24305 0.208834
c 10.5972 -10.9211 0.793178
p11 10.0495 5.45109 0.532013
p21 10.004 -1.58037 0.270164
c 10.4563 -5.60649 0.376735
c 10.1942 7.74816 0.0496496
c 10.7541 -11.5737 0.16894
c 10.3211 -6.94174 0.212814
p12 10.0147 0.466811 0.371168
c 10.1412 -9.59172 0.699694
c 10.5808 -1.64397 0.0879565
c 11.3162 5.73687 0.556648
p21 10.022 0.728538 0.366188
c 10.6627 -6.45906 0.222384
c 10.7797 8.86441 0.230954
p12 10.0569 -1.6165 0.490312
p22 10.0659 3.39512 0.268309
c 11.5034 9.68694 0.0556313
c 10.2453 -8.80361 0.623935
c 10.2223 -0.929105 0.433231
c 10.6404 9.85833 0.597396
c 10.556 3.6267 0.098992
p12 10.0728 -0.832789 0.662193
p21 10.0801 4.98453 0.624423
c 10.1373 -10.905 0.0689129
p21 10.1072 -1.38408 0.126971
c 11.9168 11.8748 0.426688
c 10.5518 5.2747 0.46453
c 10.5637 -6.30525 0.704382
p11 10.0954 -0.468032 0.208199
c 10.0538 -10.8208 0.592733
p22 10.0371 -0.40846 0.76808
c 11.0147 7.97888 0.666124
c 11.5297 -9.12223 0.443583
p11 10.047 1.45341 0.0480139
c 10.2834 7.4713 0.510357
p11 10.0028 -1.34281 0.134247
p21 10.0679 3.08652 0.0763839
c 10.5391 11.8403 0.566243
p12 10.0291 2.53255 0.641587
pu 10.1187 -2.87594 0.27766
c 11.6404 7.33213 0.52735
c 10.5687 -6.88168 0.424734
p22 10.0486 3.93567 0.618661
c 10.4551 -11.0061 0.0199857
p12 10.0442 -0.895535 0.562434
c 10.4891 7.94592 0.512213
c 11.4002 -8.15027 0.595199
c 10.0528 -1.6989 0.274876
p21 10.0539 6.03339 0.385866
c 10.6663 -8.14222 0.265281
p12 10.0587 -0.130375 0.724548
p11 10.0013 5.71795 0.354444
c 11.2923 -6.41658 0.752552
c 10.6422 -1.62932 0.269725
p21 10.0714 4.88076 0.195601
c 11.9305 11.5254 0.268773
c 10.0086 -0.291879 0.684654
p12 10.1074 4.81362 0.669688
c 10.5819 -6.74984 0.494194
c 11.1808 10.2751 0.737464
p21 10.046 2.16901 0.324512
c 10.1169 -7.47203 0.18564
c 10.8722 9.07608 0.452616
c 11.8029 -11.6221 0.74845
c 10.9713 8.31874 0.736243
c 10.0028 -0.324839 0.0841966
p22 10.0913 4.17957 0.418094
c 10.8975 -11.7832 0.0924976
c 10.2455 -2.0329 0.0583169
c 10.7827 -6.4012 0.404812
c 10.3158 1.74944 0.650962
c 11.3729 8.0697 0.0788742
c 10.3737 -8.05872 0.128168
c 10.8932 9.20719 0.344581
c 11.488 -2.59102 0.275804
c 10.0239 -11.1775 0.795766
p22 10.0276 2.44856 0.410891
e 0.0 0.0 1.0