p11 10.1391 -3.57173 0.367412
p21 10.2617 3.39808 0.408887
p11 11.1451 -8.56227 0.471816
p12 10.0725 -4.29578 0.22837
p22 10.3903 -0.357066 0.88522
p22 10.2043 -8.3929 0.436293
c 10.5517 4.73855 0.0114139
p11 10.7152 -4.37361 0.475295
p11 10.1501 0.82461 0.440748
p21 10.1749 -2.97617 0.320505
c 11.3192 11.3891 0.866848
c 11.9213 5.23222 0.265358
c 11.7151 -7.66613 0.711203
p11 11.5966 1.03122 0.326243
p21 10.4979 -3.08206 0.93408
p22 10.4218 -7.10776 0.458663
p21 10.1473 0.795618 0.843928
p11 10.2436 -7.58477 0.455
p21 11.8487 -3.36192 0.330424
c 10.0231 3.7915 0.312296
p22 10.7116 -2.89315 0.985565
p12 11.0867 -8.06055 0.602527
p21 10.2935 -4.11237 0.940489
c 11.7941 4.60817 0.815638
p11 11.1876 -7.71538 0.725272
c 10.2365 -11.8916 0.369457
c 11.5271 3.28025 0.638356
c 11.2504 -7.4647 0.969817
p12 11.5804 -1.72216 0.319346
c 10.6883 10.9204 0.291696
e 0.0 0.0 1.0