c 11.945 -3.99585 0.806387
c 10.6292 7.85803 0.259275
c 11.8837 1.40007 0.404739
c 10.041 -6.58065 0.529303
p11 11.8331 2.25605 0.307153
p22 10.4539 -1.91498 0.338501
p12 10.1524 -7.66015 0.593514
c 11.1507 10.4421 0.303808
c 11.9781 -11.7554 0.476445
c 11.9502 4.24708 0.101189
c 10.6579 -11.2492 0.0612711
p12 10.103 -2.47835 0.20422
c 11.1349 3.99438 0.176167
p21 10.1597 -6.53365 0.366944
c 10.533 7.70348 0.291503
c 10.3325 -0.209112 0.0718183
p11 10.0754 -7.59911 0.80602
c 10.9381 10.9819 0.0378817
p22 10.0065 -0.0732446 0.575227
c 10.2279 5.05789 0.644053
c 10.3713 -5.35893 0.422439
c 10.5763 -10.7658 0.667564
p11 10.0015 -5.4362 0.402322
p22 10.0849 -1.36454 0.590316
c 10.5983 -10.6743 0.225363
c 10.5462 -5.44096 0.543317
p21 10.085 -0.408216 0.500933
c 10.2579 11.4931 0.346778
p12 10.1081 -5.74432 0.510699
p21 10.1057 -1.38017 0.0918873
c 11.1142 6.97031 0.401516
c 11.7905 -11.0749 0.0702557
p11 10.134 -4.84439 0.468242
c 11.6716 -11.9612 0.252024
c 11.2963 7.6859 0.808022
c 10.5626 1.84613 0.613046
p22 10.0295 -2.36726 0.443387
p12 10.1392 -6.79659 0.236789
c 10.9148 2.86789 0.654844
p12 10.0306 -1.76812 0.303857
c 10.0457 -11.4214 0.203414
c 11.138 5.66436 0.164668
p22 10.0423 -1.65703 0.251877
c 10.8347 7.28599 0.149824
c 10.8933 -6.62166 0.261106
c 11.2188 2.38228 0.682628
c 11.5088 -8.68789 0.42344
c 10.7047 5.80132 0.0322419
c 11.2727 -1.66521 0.290184
p12 10.0408 -6.70113 0.0332917
c 11.5669 10.6713 0.0253813
c 10.6287 2.45186 0.196847
c 10.4429 10.5102 0.0585122
c 10.239 -2.49873 0.66522
p22 10.1265 -6.87814 0.605379
p21 10.1593 -2.71297 0.356641
pu 10.3485 6.4847 0.210836
c 10.7597 11.0793 0.564949
p11 10.0445 -0.916776 0.222311
c 10.4744 -10.653 0.690978
c 11.8876 11.3869 0.360157
p22 10.0866 -6.35713 0.389406
c 11.7732 -2.28339 0.354444
c 10.1512 6.92856 0.759144
p12 10.1339 -0.36964 0.215988
c 11.0946 -11.3415 0.575276
c 10.3475 -6.32722 0.457157
p21 10.1387 -1.25663 0.134491
p11 10.043 -7.28733 0.425271
c 10.9189 4.67556 0.779652
p11 10.1423 -4.21278 0.236057
c 10.4524 -9.54924 0.802138
c 10.6091 0.686666 0.44683
p22 10.0878 -6.07611 0.566999
c 10.1219 7.82214 0.205196
c 10.965 -10.0825 0.621298
p12 10.043 -3.51646 0.133051
p22 10.116 -7.67431 0.643345
c 11.2738 11.469 0.0164211
c 11.4579 1.2338 0.158125
c 10.7413 8.11072 0.514459
c 11.7182 2.76022 0.057145
c 10.6048 -4.56056 0.188887
c 10.3206 5.1663 0.247263
c 10.2747 -0.355601 0.589608
c 10.619 -7.4669 0.80375
p22 10.0026 -1.47905 0.0237455
e 0.0 0.0 1.0