p11 11.9097 -7.76134 0.382301
c 11.6729 10.79 0.443705
c 11.4723 4.12842 0.418509
c 10.7727 11.8718 0.298241
c 11.4197 -2.56905 0.256419
p22 10.0066 2.72164 0.0536048
c 11.3995 -7.66979 0.0465978
c 10.4879 -2.15082 0.752625
p11 10.0624 -6.39228 0.405398
c 11.6559 9.85174 0.248191
c 10.5325 -1.29606 0.152949
c 11.7853 -11.6089 0.30747
p11 10.0778 -5.08658 0.308032
c 11.4548 4.21778 0.573958
p22 10.1207 -6.4543 0.403005
p12 10.1339 -11.3309 0.028189
c 10.7603 1.47038 0.183418
c 11.9553 9.01236 0.170259
p21 10.0326 -5.54851 0.0725263
c 10.3381 2.22773 0.0565834
c 10.2911 -11.8345 0.0774093
c 10.6021 11.1665 0.288085
c 10.0482 -2.8005 0.610531
c 10.5445 9.25846 0.546076
c 10.655 -7.87854 0.267967
c 10.1852 1.48503 0.281126
p11 10.1337 -3.87121 0.489067
p21 10.1101 -9.43657 0.0173977
c 10.2432 2.80343 0.252732
c 10.535 10.1711 0.115008
p12 10.1151 -4.33216 0.432864
p21 10.0311 -9.99518 0.531183
c 10.9645 11.094 0.554597
c 11.6957 3.25022 0.43826
p12 10.0905 -7.49681 0.683482
c 11.8735 2.42036 0.357301
p21 10.1127 -4.57485 0.470927
c 11.0937 2.07904 0.101287
c 10.3682 -11.4682 0.686534
c 11.8378 11.1123 0.0804367
p12 10.0138 -6.08563 0.19482
c 11.5225 11.5107 0.332178
c 11.1891 -0.33143 0.791591
p21 10.0867 -9.33134 0.361939
c 10.8161 3.23045 0.30747
c 11.0605 8.4264 0.158784
c 11.2419 -5.03006 0.533698
p12 10.1165 -10.8057 0.671446
c 10.2567 -2.67452 0.190255
p11 10.0746 -6.73702 0.129218
c 11.0207 8.42055 0.317016
p22 10.0202 -5.80877 0.233151
c 11.9504 2.30097 0.308398
c 11.3518 11.4389 0.482939
c 10.4386 2.70895 0.49959
c 10.7586 -3.11765 0.701159
p12 10.0417 -8.74905 0.689293
p22 10.0115 -4.58364 0.311132
pu 11.6067 10.2341 0.198336
c 11.306 5.7398 0.64852
p21 10.02 -5.91839 0.313793
c 11.8113 10.9365 0.7808
p12 10.0186 -5.85101 0.340528
p22 10.004 -11.1881 0.331323
c 11.4891 11.9033 0.770985
c 10.619 5.21684 0.707873
c 11.2093 10.0158 0.492046
p11 10.0429 -10.5982 0.6619
p21 10.0319 -5.20402 0.775795
c 10.7218 9.31925 0.575886
c 10.5012 2.498 0.156538
c 10.5327 -8.75454 0.612924
p12 10.0422 -4.06726 0.507427
p21 10.0355 -8.74368 0.680724
c 11.1051 2.19477 0.518512
c 11.3738 -2.42988 0.389528
c 11.9675 10.8296 0.523321
p11 10.0385 -5.39054 0.237351
p21 10.0268 -11.0619 0.378078
c 10.6148 11.7319 0.330322
c 11.3499 3.46336 0.574275
c 11.0758 -1.7033 0.353663
c 11.3427 7.67272 0.375319
c 11.9001 -5.89215 0.564631
p21 10.1193 -10.2586 0.426443
e 0.0 0.0 1.0