c 10.3945 -10.8772 0.182257
p22 11.9864 1.18192 0.952544
p22 11.3188 6.99411 0.604205
c 11.4001 0.110966 0.794671
p11 10.2512 6.91501 0.237434
p22 10.1643 -4.56386 0.953459
p22 11.822 1.00711 0.0486465
p12 10.0331 6.1308 0.885281
p11 10.3616 1.4583 0.835261
p11 11.7002 -6.2851 0.0879238
c 10.8654 10.5139 0.84814
p21 11.2936 -3.24058 0.948363
c 11.3776 -8.26673 0.64272
p11 11.6519 2.5135 0.111362
c 10.6447 11.9971 0.645711
p11 11.1228 0.155034 0.751091
c 10.6879 -7.09043 0.224067
p11 10.9326 4.90176 0.787378
p22 10.6032 -1.66485 0.379315
c 10.2188 -7.54967 0.131535
c 10.0924 7.70055 0.20603
p11 10.5417 3.47545 0.927122
p11 10.3879 -6.06439 0.358715
p22 11.9536 -1.60479 0.640858
c 11.1912 10.6296 0.0449232
p12 10.5888 4.85049 0.989715
p22 10.8741 -5.9389 0.727256
p22 10.2986 2.86117 0.265572
p21 11.9724 -1.76934 0.575488
p21 10.0016 -7.09763 0.13712
p11 10.8921 7.07077 0.1124
p12 10.127 0.393811 0.802515
p12 10.1326 -5.92572 0.882015
p21 11.1336 4.55312 0.442305
p12 10.7545 0.3567 0.739006
c 10.6073 8.2096 0.322336
p21 11.0284 -6.42573 0.733421
p12 10.1968 -2.28303 0.191717
p22 10.1036 3.07163 0.512162
p12 10.4272 -7.88965 0.484909
p21 10.289 7.97607 0.392102
p21 10.1271 -1.03592 0.952147
p21 10.2313 7.13718 0.0448317
p21 10.6135 -6.33345 0.851741
c 10.1311 -2.05414 0.425703
p11 10.0273 6.77877 0.0781274
p11 10.1984 2.57649 0.761437
c 10.7394 -10.8684 0.812494
p11 11.2868 -3.58531 0.639973
p22 10.9134 4.34901 0.992431
p22 11.5453 -1.39286 0.670888
c 11.9629 11.54 0.301828
p22 10.5679 0.872341 0.181555
p22 10.2412 -4.10877 0.889401
c 10.1434 -10.2634 0.411237
p11 10.7162 5.10294 0.606098
p12 10.0016 -6.05023 0.652791
pu 10.63 9.46501 0.680166
p22 11.1086 3.94275 0.916227
p12 10.5369 -7.19382 0.291543
p22 10.1343 4.30653 0.946013
p12 11.7007 -2.63948 0.814814
c 11.8658 8.83364 0.807337
p22 10.2781 -4.38856 0.988067
p11 10.703 0.589129 0.605396
c 10.0363 5.61455 0.589862
c 10.4364 9.93817 0.185766
p12 10.0686 1.59551 0.0110782
c 10.2098 -3.06857 0.681387
p11 11.7431 -7.73974 0.587054
c 10.3469 1.3737 0.538865
p21 11.9308 7.34764 0.145848
p22 10.5954 -4.31678 0.298868
c 10.936 9.79095 0.89996
p11 10.062 -2.743 0.0564592
p22 10.6387 -7.38475 0.183935
p12 11.7214 1.49297 0.937284
p12 11.0278 7.71191 0.355174
p21 10.3363 -0.60036 0.759362
p21 11.336 -6.69674 0.665792
p11 11.2725 7.05173 0.986938
e 0.0 0.0 1.0