c 11.8115 -4.46388 0.549608
c 11.4031 7.32701 0.27015
c 10.1923 -8.67544 0.955168
p11 11.4113 4.33195 0.0198981
p22 10.2987 -4.41374 0.122868
c 10.1448 2.05121 0.876247
c 11.6119 10.2333 0.435255
c 10.0949 -8.13929 0.460341
c 10.5946 7.64489 0.0296335
c 10.2082 0.218635 0.840541
p11 10.0073 -7.24763 0.846644
p21 10.0005 -2.38633 0.713523
c 11.7009 7.59362 0.498093
c 10.5528 2.84445 0.729576
p11 10.0384 -5.11621 0.133946
c 10.4103 -10.0927 0.439161
p21 10.0065 -1.67739 0.645985
c 11.0252 7.36949 0.963317
c 10.5052 -11.7986 0.656758
p11 10.0217 -4.56413 0.93408
p22 10.0287 -9.35829 0.632893
c 11.4714 4.87991 0.902646
c 10.3938 -3.50951 0.820185
p11 10.0206 -8.32218 0.2584
p22 10.0076 -3.9913 0.781732
c 11.4031 7.97888 0.12418
c 10.1668 0.792871 0.0871303
c 10.1707 -11.0705 0.508774
c 10.8477 5.85846 0.654683
c 10.3498 -0.631733 0.238411
p11 10.0096 -7.20002 0.261727
p22 10.0052 -2.69549 0.49678
c 10.8778 4.22364 0.685049
c 11.59 9.64226 0.0316172
c 10.1218 -7.64855 0.575884
c 10.5944 -2.43208 0.581896
p12 10.0556 -6.94031 0.795587
p21 10.006 0.468063 0.386547
c 10.4516 6.15217 0.834956
pu 11.9948 -11.0962 0.242988
c 11.6197 10.7856 0.887845
p12 10.0555 -0.111484 0.828211
p21 10.0208 -6.60552 0.333964
c 11.3818 5.37577 0.731346
c 11.6984 10.549 0.444655
c 10.8032 2.44453 0.46202
p12 10.0587 -2.4138 0.488327
c 11.8845 -11.1013 0.858577
p22 10.041 -3.21003 0.509934
c 11.243 11.6338 0.289407
c 10.4571 -9.7741 0.114475
c 10.0613 5.48784 0.798761
p11 10.0202 -8.12595 0.878811
p21 10.0387 -1.94229 0.565203
c 10.0687 5.69585 0.400708
c 11.6359 11.7905 0.322336
c 10.1131 -6.7264 0.42729
p11 10.0621 -2.28532 0.203681
c 10.9605 10.1374 0.572863
c 11.1549 3.48387 0.523637
p22 10.0588 -2.13334 0.547227
c 10.0193 5.35746 0.818201
p11 10.0126 -0.3361 0.485
c 10.1478 -10.3959 0.133854
c 11.9086 -6.39021 0.210578
c 10.4726 11.1145 0.756218
p21 10.0371 -0.977293 0.00112918
c 10.1968 3.42015 0.708213
c 10.0875 10.1601 0.446883
p11 10.0576 -1.47536 0.458296
c 11.0652 -5.99615 0.829707
c 10.0593 2.46138 0.0128788
c 10.2033 8.25794 0.727561
p22 10.0343 -8.48607 0.745323
p11 10.0408 0.43846 0.712302
c 10.7805 5.29008 0.945158
pu 11.0373 -11.7861 0.832118
p22 10.06 -1.64901 0.218146
p12 10.0385 -6.41996 0.72689
c 11.6841 6.79525 0.607196
c 10.7317 2.26289 0.802087
c 11.6871 6.81503 0.700552
p22 10.0048 -3.0495 0.408582
e 0.0 0.0 1.0