p22 11.7709 1.21632 0.448958
c 11.7662 5.35087 0.19953
p11 11.797 -3.54305 0.161931
p21 10.4019 3.8789 0.484512
p22 10.126 -1.74474 0.696951
p22 10.0623 6.16901 0.549608
c 11.9584 -8.74795 0.587359
p12 10.0435 0.836513 0.27018
p22 11.0083 -3.44523 0.506699
c 11.1655 11.4587 0.457167
p22 10.0319 0.339366 0.368908
p12 11.194 4.92691 0.269478
p21 10.5296 -3.26212 0.699759
p22 10.7011 4.07819 0.551927
p22 10.1187 -0.728477 0.772973
p12 10.0569 5.08683 0.165258
c 11.7756 8.756 0.512528
c 11.0544 -6.64876 0.554674
p22 10.2133 5.36119 0.240944
c 11.4011 9.48039 0.487136
p11 10.4116 -2.86904 0.562883
c 10.6962 9.28849 0.623096
c 11.2454 4.19507 0.870357
p12 11.18 -2.73598 0.959593
c 11.2994 3.53075 0.0890835
c 11.6481 10.6223 0.492599
p12 10.8057 4.73769 0.913511
p11 11.4758 -1.31016 0.808527
p11 10.1506 4.71511 0.687277
p12 10.9465 -0.0500503 0.131748
e 0.0 0.0 1.0