c 11.9387 7.23179 0.547516
c 10.0125 -10.8318 0.120453
c 11.1982 4.918 0.654087
c 10.9298 9.58733 0.394094
p12 10.0311 -2.58077 0.0449132
p22 10.3067 3.43406 0.703307
c 11.6362 -8.82485 0.613851
c 10.9426 -1.95453 0.77704
c 10.1579 -11.8879 0.232785
c 10.6614 -3.60326 0.224313
p11 10.0806 7.97607 0.784023
p21 10.0327 3.71227 0.184761
c 11.6785 -8.75747 0.490239
c 11.279 -1.85052 0.661338
c 10.7379 -7.17392 0.582991
p11 10.1394 4.67788 0.322412
c 10.9526 -11.6228 0.708459
p22 10.0559 9.40483 0.0793869
p12 10.0436 4.59584 0.324048
c 10.4055 -0.220832 0.752723
c 10.1229 -8.80361 0.418362
c 10.3242 -1.54656 0.565608
p21 10.1064 3.36119 0.126898
c 10.1281 -5.56182 0.160566
c 10.7287 8.02942 0.799941
p12 10.0546 3.57384 0.453666
c 10.0206 -6.17414 0.501226
p11 10.1075 11.1534 0.388014
c 10.8264 -2.06586 0.734265
p22 10.03 6.04047 0.651987
c 11.0674 -8.39491 0.344068
c 11.561 10.4267 0.210665
c 10.2774 -4.78396 0.306225
p12 10.0799 5.00382 0.085808
c 10.8543 -10.5014 0.513775
c 10.6912 -2.06146 0.034659
c 11.5373 9.61223 0.777553
p22 10.1314 4.02747 0.799477
p22 10 10.4588 0.278319
c 11.2365 -1.87103 0.031778
p11 10.059 6.37202 0.400808
c 10.5348 -3.75121 0.550886
c 10.1019 7.39879 0.212692
c 10.3903 0.930571 0.424686
c 10.642 -3.23557 0.594539
c 10.0684 -8.77871 0.186055
p22 10.0763 4.08655 0.0204495
c 11.4087 9.45329 0.576008
p11 10.0939 5.18033 0.186006
pu 10.3209 -1.92083 0.251169
c 11.1624 -10.0788 0.542218
p21 10.0474 4.85025 0.112542
c 10.7891 -0.845607 0.394606
c 11.1269 -11.9473 0.0228666
c 10.4051 -7.43248 0.622812
c 11.5868 10.0766 0.443705
p11 10.0997 5.58464 0.236569
c 10.8453 -4.12769 0.63331
c 11.4625 -8.30702 0.123797
p22 10.0386 3.4315 0.802212
c 10.0813 -6.72494 0.15937
c 10.5199 8.92666 0.182173
p22 10.0291 3.51817 0.280272
c 10.7406 -11.633 0.7808
p12 10.1323 5.841 0.517559
c 11.0203 -10.3417 0.0899097
c 11.4996 -1.31877 0.776967
c 10.5443 -7.92907 0.216964
p22 10.1388 7.87329 0.497124
c 11.3244 -1.81097 0.62811
p11 10.0279 11.0123 0.49478
c 10.791 5.03153 0.359718
c 11.1413 -9.18815 0.0853197
c 10.3223 0.198127 0.0705487
c 10.1711 6.11774 0.553132
p22 10.1216 11.1461 0.284496
c 10.8879 -0.398083 0.705358
p12 10.0894 7.39354 0.156611
c 10.7346 -6.18146 0.0871508
c 10.2486 -11.8865 0.367823
c 10.5081 2.31196 0.196212
p11 10.0533 9.83355 0.14516
p22 10.1056 3.80627 0.781093
c 10.3395 11.9802 0.789345
c 11.3659 -1.50847 0.0484777
c 10.8753 -7.44493 0.332153
p12 10.1301 5.03287 0.149628
c 10.7014 -11.6265 0.690612
p22 10.0484 9.51982 0.390798
e 0.0 0.0 1.0