c 11.9986 -4.23023 0.30781
c 10.938 10.319 0.929106
c 10.221 5.62041 0.7228
p11 10.0159 -4.59807 0.127964
p22 11.4143 1.00452 0.15598
c 11.183 10.8896 0.207465
c 10.0851 -9.62981 0.545427
c 10.0414 -3.489 0.200537
c 11.1622 10.1557 0.0701315
c 10.0706 3.80688 0.801111
c 10.0515 8.75381 0.748772
p12 10.1899 -4.78338 0.918516
p21 10.187 0.330913 0.742912
c 10.3041 -11.2866 0.458785
c 10.9903 6.03131 0.832789
p11 10.0741 -1.32868 0.0329295
c 10.0654 -9.1464 0.601062
p22 10.0776 -3.6249 0.709952
c 10.3526 3.28318 0.376507
c 11.6456 8.97208 0.864498
p12 10.0901 -1.73519 0.47972
c 10.528 6.4261 0.403119
p22 10.1196 0.259805 0.799341
c 10.4542 -8.92154 0.673147
c 11.7244 11.2917 0.884854
p12 10.1631 -6.06821 0.738395
p22 10.0154 -0.923703 0.362072
c 10.1511 3.91821 0.278817
c 11.5629 11.8206 0.0228889
c 11.3426 -11.6836 0.744041
c 10.3731 -6.618 0.916868
p11 10.089 -2.02969 0.543474
p21 10.0787 -7.91519 0.887173
c 11.268 7.07138 0.636464
c 11.0227 1.35832 0.0274972
c 10.6539 -3.16745 0.441786
p12 10.038 -8.80908 0.722953
p22 10.0635 -1.64577 0.557665
pu 10.7485 10.4824 0.418378
c 10.5042 4.22071 0.997925
p11 10.1758 -2.40812 0.177953
c 10.873 10.7622 0.7069
p21 10.074 -4.19987 0.718284
c 11.923 -11.3349 0.829127
c 11.0022 9.82464 0.59093
p11 10.1161 -3.61879 0.743919
p22 10.1225 -7.65029 0.635945
c 11.8963 6.30378 0.517563
c 11.587 11.4126 0.233589
c 10.5528 5.96613 0.203864
c 10.6366 10.2399 0.388989
p11 10.0657 -4.46718 0.489761
c 11.2227 0.532121 0.128147
p21 10.0433 -9.02179 0.170995
c 10.4246 7.16733 0.874935
c 10.9467 3.0239 0.432752
c 10.0573 -11.7751 0.61858
p12 10.0324 -4.95489 0.190283
c 10.7417 2.8276 0.405469
p22 10.1329 -4.23649 0.571856
c 10.2033 10.7028 0.770104
c 11.3263 2.22114 0.79165
p12 10.0809 -6.562 0.53502
p21 10.1433 0.350445 0.523545
c 11.0777 9.79168 0.549608
c 10.9264 -11.9817 0.364635
c 10.0595 10.3476 0.36079
c 10.247 4.82791 0.277505
p11 10.1489 -2.84118 0.14246
c 11.712 -7.35777 0.489944
p21 10.0999 -2.02847 0.242683
c 10.0922 6.71908 0.00802637
c 10.0339 11.1628 0.690878
c 11.3798 -9.83636 0.663411
c 10.4295 -5.51787 0.165319
c 10.0794 7.84411 0.206244
p11 10.1321 -2.6126 0.245735
c 10.8665 -11.6653 0.319834
p22 10.0819 -0.647205 0.545701
c 10.1455 10.2773 0.365001
c 10.1461 -10.478 0.533341
pu 10.6981 5.88775 0.655202
p11 10.0519 -5.09406 0.508103
p21 10.1499 -0.997863 0.700705
e 0.0 0.0 1.0