c 11.8173 1.13492 0.121991
c 11.3462 6.02106 0.136078
c 10.719 -10.2158 0.561579
c 11.4979 3.86987 0.285765
c 11.07 8.71279 0.227804
c 10.4473 -8.05872 0.419046
p12 11.0706 2.43428 0.697155
p22 10.3012 -2.95016 0.432791
c 10.8678 -8.91055 0.210812
c 10.0504 5.26078 0.0465001
c 10.7848 10.6772 0.0765792
c 10.0475 -0.418591 0.461723
c 10.9196 10.0847 0.424026
c 11.9396 -5.46367 0.680577
p11 10.0497 5.04215 0.0633708
p21 10.0527 -0.919217 0.334766
c 11.2109 -6.56746 0.0299225
c 10.4477 10.5966 0.498882
p11 10.0001 5.02432 0.635483
c 10.2804 10.8149 0.321826
c 10.7381 -4.96194 0.738562
p22 10.0369 -0.638447 0.196724
c 11.0188 4.68947 0.2405
c 10.9994 -9.83709 0.151044
c 10.3528 5.80352 0.404909
p11 10.0292 -1.24808 0.0135401
c 11.161 11.9656 0.166597
c 10.276 -5.78961 0.70067
p22 10.0193 -0.333994 0.665611
c 11.9713 9.23209 0.362599
c 10.7146 -9.58879 0.531085
p22 10.0516 -0.687764 0.78705
p12 10.0539 3.39708 0.0235014
c 10.002 10.7673 0.194405
c 11.814 -4.97513 0.595833
c 10.9837 -10.2846 0.62706
c 10.7144 -6.08771 0.749793
p21 10.0523 4.67153 0.473027
p12 10.0414 -1.39189 0.701647
c 10.3453 -7.55187 0.454887
c 11.0101 3.69482 0.661314
c 10.1243 -2.40791 0.141791
c 11.5019 7.9093 0.212448
p21 10.0598 3.68078 0.471977
p12 10.0057 -0.468275 0.321093
p22 10.0216 4.13733 0.589485
c 10.0934 -2.81222 0.157148
c 11.6914 -11.1665 0.147797
c 11.1207 11.5598 0.539313
c 10.7926 3.26927 0.122088
c 11.5239 -10.1455 0.357081
p22 10.0437 -1.23978 0.127655
p11 10.0024 4.91714 0.0736494
c 11.7417 11.9363 0.603207
c 10.2534 7.15854 0.66959
pu 10.6576 0.542376 0.559626
c 10.5498 5.14725 0.157856
p22 10.025 -2.52083 0.207516
c 11.3497 -10.6289 0.809463
p12 10.0286 1.74493 0.356422
c 10.0051 7.03916 0.3156
c 11.8865 11.6052 0.482597
c 10.3127 -6.5323 0.0792648
c 11.5339 -10.6193 0.67816
p21 10.0576 3.32359 0.433988
c 11.1671 -6.82308 0.100872
c 11.6091 10.0898 0.720398
p12 10.003 0.0190442 0.047965
c 11.8245 -9.84368 0.532794
c 11.7566 6.13459 0.758167
p22 10.0119 -1.25394 0.368287
p11 10.045 3.76086 0.274583
c 10.1956 -7.34019 0.595052
c 11.56 11.3379 0.686632
c 11.0849 -0.062624 0.483867
c 10.6856 -9.17277 0.313793
p21 10.017 0.633077 0.227829
p12 10.0101 4.92373 0.546344
c 10.1611 8.93399 0.179121
c 10.4268 -11.8315 0.54798
p11 10.0593 0.0925329 0.630771
c 11.4649 6.51839 0.523517
p21 10.0486 0.298838 0.613363
c 10.7481 11.6894 0.803677
p12 10.0049 2.7225 0.599984
c 11.293 -8.20447 0.38196
c 10.5236 7.73864 0.0853685
p11 10.0186 -1.72271 0.469706
p22 10.0404 4.80459 0.20212
e 0.0 0.0 1.0