c 11.9499 -2.35005 0.552692
c 10.9747 -7.78259 0.519903
c 11.6263 -1.07193 0.749158
p11 10.0563 2.98508 0.392311
p22 10.971 -3.23972 0.535773
c 10.7617 -7.28745 0.207565
c 10.4443 -0.92471 0.172676
c 10.3993 4.24488 0.795376
c 10.9599 -9.52214 0.0544594
p11 10.1509 -1.42998 0.154169
c 10.1408 -10.9878 0.778773
p21 10.0586 0.832789 0.732678
p11 10.1497 -3.74181 0.224289
c 10.0897 7.78332 0.779994
c 10.1365 -9.64153 0.387209
c 10.0586 -0.812647 0.654209
p22 10.0198 -5.50456 0.662486
p11 10.0533 0.952422 0.430032
c 11.7378 11.5137 0.771229
c 10.4694 -5.90094 0.756458
p21 10.0447 -1.50566 0.111468
c 10.0263 -7.60973 0.285179
c 10.7703 11.5473 0.0144923
p11 10.0139 0.83108 0.636508
c 11.1089 5.21684 0.69298
c 10.5582 -6.35945 0.526764
c 11.2797 10.0334 0.535382
p22 10.1047 -2.04718 0.0424473
c 11.1468 5.76104 0.214791
p11 10.0015 -6.04999 0.2551
c 10.4391 5.38017 0.797573
c 11.3133 9.7199 0.0263335
c 10.8312 -9.23722 0.123358
c 10.2714 9.643 0.0156887
c 10.8824 -1.30851 0.36609
c 10.9138 -7.44639 0.164228
c 10.6291 -1.54363 0.456547
c 10.2373 -7.38047 0.282738
p21 10.1551 -0.820826 0.331738
p12 10.1618 -6.20112 0.332446
c 10.0519 2.36909 0.28767
c 11.9752 11.2199 0.533429
p12 10.1138 -1.26908 0.225094
c 11.2471 7.5797 0.105145
c 10.8643 -8.37294 0.611141
c 11.3584 4.15333 0.161714
p21 10.1336 -5.43913 0.158344
c 10.026 -0.848536 0.698034
c 10.1043 -8.75454 0.492534
c 11.5999 9.5324 0.177217
p11 10.0066 -0.740501 0.203902
pu 10.5606 4.33497 0.450541
c 10.0014 -8.86001 0.181148
p22 10.133 -2.02301 0.455741
c 10.6388 8.10779 0.159663
c 10.1012 2.18305 0.392971
c 10.2656 -5.64312 0.590657
p22 10.0078 1.0867 0.275609
p12 10.0415 -3.54991 0.610385
c 10.2011 10.4677 0.510723
c 10.2587 -0.0977812 0.481377
p22 10.0942 -5.93817 0.476372
c 11.1847 4.63088 0.695836
p12 10.0881 -3.41978 0.346216
c 11.1452 -7.8573 0.644346
p21 10.1386 -2.48128 0.29746
c 10.2003 8.0719 0.0773116
c 10.1231 -9.49358 0.47354
c 10.1192 7.57164 0.447782
p21 10.1251 -4.20325 0.310009
p12 10.0538 0.72927 0.344971
p22 10.0857 -5.96649 0.697692
c 10.2388 7.88879 0.0120753
p21 10.1312 -0.644795 0.432571
c 10.6959 -11.4653 0.129633
c 11.5051 3.52928 0.662779
c 10.1382 10.5161 0.735266
p11 10.0853 -2.76571 0.0199124
c 11.9454 2.82247 0.477959
c 11.7241 -9.57634 0.784877
p21 10.0308 -5.39763 0.454179
c 10.1893 3.24729 0.313159
c 11.5928 -10.9196 0.0396396
c 11.8827 11.6338 0.233151
c 10.4415 -5.90094 0.801772
p11 10.1597 0.206794 0.292846
c 11.3098 9.16471 0.612826
c 11.3352 -7.81701 0.314501
c 10.2545 -0.99063 0.0998221
c 10.9687 3.37254 0.327685
c 10.7386 -8.66225 0.53653
c 10.9928 7.47569 0.451517
p12 10.0992 -6.31074 0.285179
e 0.0 0.0 1.0