c 11.9598 -5.20878 0.113641
c 10.6645 7.78698 0.347901
c 11.4502 -8.69887 0.611752
c 10.7204 4.54445 0.0149318
p22 10.0763 -2.59615 0.651475
p12 10.1832 2.56343 0.206735
p22 10.0203 -7.33763 0.0666424
c 10.9775 11.0083 0.364674
c 11.8922 6.83627 0.471367
c 10.2559 -8.28358 0.0505042
c 10.1904 -1.79192 0.610018
c 11.38 8.36415 0.169941
c 10.1476 -7.54308 0.732019
p12 10.0255 -3.15244 0.545563
p21 10.0964 -9.10208 0.271458
c 10.0278 9.44011 0.734119
p22 10.1133 -4.04529 0.71571
c 10.4126 9.79681 0.344483
p12 10.0873 -1.42875 0.15976
c 11.3455 3.69555 0.538678
p22 10.1666 -1.4434 0.17834
c 10.0837 10.5051 0.703014
c 11.2063 -11.677 0.75011
c 10.6153 -2.23066 0.340674
p12 10.1039 -6.96091 0.334424
c 11.5845 6.93735 0.238645
p21 10.0873 -1.98102 0.296947
c 10.2866 -10.872 0.0270659
c 10.9237 2.73019 0.411599
c 10.9109 9.8598 0.034781
p12 10.0492 -3.02084 0.723474
c 11.7054 -8.25648 0.386183
c 10.7845 1.75384 0.451127
p12 10.1226 -4.6183 0.25659
p22 10.1638 -8.8699 0.727429
p12 10.1269 -1.45439 0.25781
c 10.7159 6.49275 0.694786
c 10.6513 1.0419 0.616342
c 10.8288 5.21464 0.623276
p22 10.1556 -8.56203 0.698937
p11 10.1226 -2.12482 0.665953
c 10.0129 3.95117 0.0599771
c 11.2034 8.98526 0.604086
p21 10.0154 -1.9002 0.0246001
c 10.5119 2.40718 0.612484
c 10.7155 -11.5701 0.287596
c 10.9268 8.00085 0.698913
p11 10.1024 -4.38588 0.502837
c 11.2126 -10.9987 0.255662
p22 10.0251 -5.74993 0.473466
pu 10.5287 0.603168 0.471171
p22 10.0916 -8.32936 0.407327
c 10.0666 0.702781 0.638608
p11 10.0653 -7.89892 0.310034
p22 10.0264 -1.46831 0.466166
c 10.1664 10.8003 0.236838
c 10.5285 5.53179 0.164839
c 10.6853 -11.1731 0.344483
p22 10.0242 -2.17048 0.634189
p12 10.1438 -8.43019 0.112054
c 11.2787 11.0266 0.233151
c 11.5588 6.98788 0.110467
p21 10.0017 -2.2718 0.445121
c 10.6333 2.63643 0.565559
c 10.5555 -8.83804 0.167158
c 10.2101 11.4455 0.149872
c 10.1361 2.68184 0.676256
c 10.2866 -9.80194 0.650962
p11 10.1615 -1.84527 0.471782
p21 10.0023 -8.54128 0.730066
c 10.6923 0.713035 0.0270171
c 10.8381 8.36122 0.39612
p11 10.1397 -4.93423 0.0177883
c 10.8724 1.03238 0.414041
c 10.4315 -9.80706 0.4606
p12 10.0333 -2.81454 0.479765
c 10.2836 6.37117 0.329907
c 11.9071 1.46233 0.133051
c 10.9907 10.9856 0.25615
c 10.8781 -11.8821 0.702575
c 11.1945 -0.918851 0.353809
c 11.2575 10.571 0.467241
p12 10.0896 -4.60805 0.0663494
e 0.0 0.0 1.0