c 11.9949 -4.31007 0.77516
p12 10.6695 -0.189337 0.298876
c 11.324 -8.60512 0.403493
c 10.0363 11.291 0.562287
p22 10.801 -2.83932 0.711975
p22 10.0494 -7.99048 0.0406894
c 10.0336 1.22721 0.548908
p12 10.0719 -6.15693 0.534796
c 11.4709 6.26936 0.603133
c 10.5402 11.3562 0.706774
c 10.2662 0.995758 0.442972
p21 10.0919 -4.63417 0.534992
p11 10.1007 -0.411389 0.386574
c 11.5531 10.6691 0.0368807
c 10.1211 4.85574 0.331006
c 10.4196 -4.74367 0.70067
c 11.0105 -0.424451 0.695958
p21 10.17 -4.76626 0.519464
p11 10.0756 -0.448011 0.758997
p12 10.0462 -6.58199 0.139643
c 10.9633 9.48186 0.0490149
c 11.487 4.90848 0.533087
c 10.4019 -6.58797 0.596908
p22 10.04 -2.03302 0.265428
c 11.6244 6.65169 0.496563
p12 10.1738 -1.38578 0.145844
c 11.8859 -10.875 0.152192
c 10.9707 5.17655 0.646421
p11 10.0786 -3.70446 0.222409
c 10.9952 9.89789 0.40115
p22 10.119 -4.59584 0.347193
c 11.6946 0.304331 0.648081
p22 10.122 -7.63256 0.206588
c 11.3921 4.26978 0.178145
c 10.1699 -1.82415 0.569246
p12 10.1146 -7.02927 0.593538
c 10.6361 7.5775 0.106268
c 10.1472 -11.2829 0.15854
c 10.9291 1.48723 0.534943
c 10.5147 -6.39387 0.0617594
c 10.139 10.0187 0.568391
p21 10.1793 -3.18467 0.087517
c 10.3116 -11.302 0.401443
p11 10.0403 -2.73812 0.464799
c 10.0999 -7.19077 0.130511
c 11.4361 6.53963 0.380788
c 10.2316 -0.366588 0.639365
p21 10.063 -5.12809 0.697814
pu 10.0037 -10.2883 0.543903
p12 10.0699 -2.40754 0.718835
c 10.643 8.537 0.510943
c 10.5734 -11.187 0.789687
p22 10.0609 -3.61144 0.698034
p12 10.0441 -8.26514 0.623105
c 10.8271 9.96307 0.365943
c 10.571 -3.90503 0.550446
c 11.4736 2.56978 0.723962
p21 10.0748 -7.69628 0.465116
p12 10.1631 -1.47661 0.150312
c 10.6059 5.71856 0.0628336
c 11.0128 11.2558 0.343189
p21 10.1329 -0.490982 0.510186
c 10.114 -7.09555 0.33667
c 10.2564 7.20103 0.663877
c 10.8253 0.833156 0.544245
p11 10.0933 -4.3097 0.0807053
c 11.415 11.8352 0.337354
c 11.5923 -8.82998 0.474394
p22 10.094 -1.82427 0.074626
c 11.6632 4.34596 0.232639
c 11.7792 10.6355 0.115496
c 10.7868 6.18513 0.783119
p11 10.0858 -4.96499 0.452763
c 11.829 1.18253 0.440726
c 10.3465 -11.8191 0.696569
p22 10.1248 -7.7036 0.299291
c 11.8662 3.47362 0.501958
c 11.8322 -0.839014 0.303075
p12 10.1808 -7.02341 0.481548
c 11.5372 -1.2382 0.459086
c 11.7891 5.06302 0.420974
c 10.4954 -8.24989 0.608041
p22 10.0447 -3.97278 0.229123
e 0.0 0.0 1.0