c 11.9875 -9.49724 0.843654
c 11.3236 10.4201 0.893124
p11 11.8343 -4.99344 0.770562
p21 10.5759 1.66463 0.538499
c 10.413 5.84307 0.927396
c 10.8764 -10.1975 0.0505387
c 10.7049 -3.36228 0.507981
p11 10.1624 -10.3174 0.422193
c 10.4289 11.8909 0.767998
p22 10.0093 -5.3188 0.630512
c 10.4342 -0.841212 0.270608
c 11.7882 7.42076 0.239204
c 10.1254 11.6352 0.951048
p11 10.0272 -9.09149 0.957244
p21 10.1414 -4.51952 0.947386
c 10.8074 4.00684 0.69631
p11 10.0052 -9.12232 0.566668
c 10.9 -2.02777 0.733757
p21 10.1729 -9.5157 0.397229
c 11.4032 3.88379 0.974822
p12 10.0746 -9.89962 0.439985
c 11.1111 -1.82855 0.0675375
c 10.697 10.3776 0.657155
p22 10.1241 -7.01898 0.132603
c 10.5998 2.51631 0.061037
c 11.0713 -2.01752 0.143223
c 10.0146 10.7812 0.64037
c 10.2651 -11.3855 0.670675
p11 10.1788 -6.5609 0.265908
c 11.4374 1.789 0.691733
p21 10.1623 -9.49403 0.393841
c 10.7029 10.4736 0.957305
c 10.5043 1.16569 0.419233
p11 10.0018 -6.75958 0.696646
c 11.9258 5.33696 0.476058
p22 10.176 -8.8153 0.425977
pu 10.3334 11.2339 0.536882
c 10.6638 -2.35078 0.805017
p11 10.1363 -8.82522 0.784478
p22 10.0741 -4.54973 0.833918
c 11.8862 9.5551 0.102817
c 11.737 3.89917 0.828455
p12 10.0711 -4.88543 0.439131
c 11.3135 10.9614 0.412549
p22 10.096 -4.93823 0.768639
c 11.5369 0.657369 0.438154
c 10.8156 7.95325 0.338389
c 10.6441 -10.2993 0.597247
p11 10.1523 -4.59886 0.356822
c 10.5524 5.76617 0.403638
p22 10.0227 -5.64351 0.700949
c 11.8346 0.608295 0.743889
c 10.1128 -11.2771 0.328104
p12 10.0618 -6.92956 0.435499
c 11.5105 5.1326 0.73043
p22 10.1224 -6.23862 0.717277
c 10.4113 -10.3666 0.905911
p11 10.1771 -6.34269 0.09653
c 11.4908 0.500626 0.552385
c 11.4008 7.78332 0.953185
p21 10.1882 -9.43666 0.66982
c 11.0345 2.44234 0.541948
p12 10.157 -6.66863 0.40202
c 11.5373 11.6213 0.699484
c 10.1329 0.826564 0.913266
p21 10.0161 -10.5494 0.363964
c 11.1289 5.49883 0.735374
p12 10.0774 -7.50026 0.589038
c 10.1375 0.735741 0.182653
c 10.5777 -11.7048 0.134251
c 10.3869 11.6785 0.750786
p21 10.0004 -5.37709 0.517136
pu 10.9314 -1.19938 0.790094
p12 10.0379 -10.5192 0.391308
c 10.6846 5.06229 0.550035
c 10.9698 -1.98822 0.285257
p22 10.0095 -11.1085 0.17832
e 0.0 0.0 1.0