c 11.9454 -8.91641 0.0333567
c 10.0391 11.811 0.11124
c 10.3249 -4.93558 0.224738
c 10.5914 -9.49284 0.408765
c 11.2049 7.70568 0.124241
c 10.9712 0.850002 0.609027
c 10.1701 7.62438 0.104465
c 10.536 -4.60158 0.0691855
c 10.8227 -9.00504 0.148564
p11 10.0327 -1.22303 0.375072
p22 11.9227 3.14814 0.188147
c 10.3345 -11.1797 0.484207
c 10.7508 6.3968 0.089816
c 10.806 -6.9161 0.697562
c 10.5737 -0.259651 0.256813
c 11.2397 11.466 0.37965
c 10.1569 -8.67544 0.23014
p11 10.1347 -4.45048 0.720176
p22 10.0295 -9.00049 0.363201
c 11.8162 3.62304 0.494613
c 11.0411 11.8843 0.571398
c 10.4457 2.008 0.247108
c 11.1933 6.81356 0.196753
p11 10.1586 -11.9213 0.386578
c 10.1133 5.304 0.285653
p22 10.0375 -5.64071 0.217353
c 10.5439 0.967193 0.115177
c 10.635 9.62468 0.551256
c 10.1187 0.029664 0.606555
c 10.1225 10.5505 0.295236
c 11.1885 -6.24812 0.858394
p11 10.1071 -10.2704 0.83816
p22 10.0866 -5.73073 0.528886
c 10.8704 4.82205 0.845302
c 11.7992 10.114 0.758873
p12 10.1217 -8.73894 0.762047
p21 10.0504 -4.11112 0.914762
c 10.2315 2.59322 0.206
c 11.4509 11.2221 0.141301
c 10.0916 -10.3666 0.350932
c 11.5672 6.76009 0.944456
p11 10.1459 -6.02066 0.0677511
p22 10.0147 -10.7944 0.84698
c 11.608 3.61132 0.774895
c 11.3421 8.22572 0.601276
c 11.3304 3.30589 0.659566
p11 10.1602 -7.31922 0.712546
p21 10.0231 -11.5592 0.435438
pu 11.1748 3.84277 0.290048
c 10.087 9.12809 0.505661
c 10.6865 -0.800927 0.876644
p11 10.0982 -6.9469 0.779443
p21 10.1165 -11.4295 0.683798
c 10.6605 4.44557 0.263131
c 10.839 10.6648 0.480331
c 10.1181 2.16108 0.881222
p11 10.085 -5.70846 0.453505
p22 10.0154 -11.0352 0.762932
c 10.1746 10.0275 0.512803
c 11.35 2.76168 0.275857
c 11.1744 -4.49904 0.788903
p12 10.1021 -11.7044 0.0806604
c 10.3247 4.04566 0.125248
p21 10.1357 -3.97409 0.816218
c 11.1321 8.72744 0.818842
c 10.5607 -10.9599 0.884854
p12 10.1102 -6.94385 0.823878
p21 10.1245 -11.7114 0.229896
c 11.6548 4.80374 0.403638
c 11.8385 -1.44548 0.485916
c 10.2167 -5.67461 0.412732
c 11.6811 10.1389 0.134159
c 10.3751 4.92605 0.12418
p12 10.1245 -10.7342 0.395672
c 10.8173 10.667 0.282296
c 11.4239 0.165899 0.348338
p22 10.1278 -6.05606 0.456862
c 10.7551 10.5871 0.885159
c 10.284 -1.71282 0.41316
p11 10.1036 -11.3764 0.220405
c 10.8364 -7.00693 0.986572
p22 10.058 -11.9144 0.502029
c 11.1983 11.458 0.400189
c 11.0681 -4.05225 0.220862
c 10.8087 7.42515 0.1489
c 10.7876 3.12571 0.272042
p12 10.0032 -9.40605 0.979583
p22 10.1592 -3.97348 0.995209
pu 10.4531 11.4382 0.522538
c 11.3752 4.54152 0.87817
p12 10.0639 -9.19367 0.317545
p21 10.0787 -4.15873 0.828822
e 0.0 0.0 1.0