p22 10.1513 -2.44774 0.287973
c 10.6953 -9.26212 0.889431
p21 11.2873 1.07212 0.0638447
c 10.0483 8.17225 0.667379
p12 10.5485 2.48772 0.895779
p22 11.0362 -1.09897 0.739402
p22 11.8704 -7.09555 0.813379
p12 10.796 -3.02042 0.817621
p11 11.3094 -6.90024 0.993194
p22 10.8329 1.46794 0.660939
p22 10.8301 -3.8551 0.283547
c 10.3657 9.07975 0.571703
p12 10.2346 -3.58074 0.668722
p21 10.5147 2.40944 0.816187
c 10.0988 7.84997 0.0507218
p11 11.0573 -7.28263 0.776635
c 11.216 -2.86935 0.988739
p21 10.5164 2.41707 0.655782
p12 10.4592 -3.3372 0.465011
c 11.209 -9.13102 0.253212
p11 10.1481 0.686056 0.871609
p22 11.0939 -7.11997 0.291177
c 11.3583 -3.1279 0.26664
p12 10.162 -7.32749 0.23423
p21 10.0643 -3.44066 0.723838
c 11.0406 3.84277 0.47911
c 11.0035 -11.5979 0.59386
p12 10.063 1.1005 0.238685
pu 10.4161 7.84338 0.547868
c 11.0645 -8.55824 0.565142
p11 10.1591 -4.15723 0.963408
e 0.0 0.0 1.0