c 11.9643 -7.64342 0.452895
c 10.8515 0.158574 0.0120548
c 11.2602 7.3629 0.0297861
c 11.2677 11.8359 0.0473037
c 10.3811 -11.6777 0.839747
c 10.2882 -6.14118 0.840144
p11 11.8254 -0.895412 0.0543229
p22 11.87 4.74273 0.418592
c 10.9387 11.6748 0.03296
c 10.993 -1.64983 0.117222
c 10.0217 -8.18836 0.846767
c 10.9177 -1.0192 0.947447
c 11.1032 10.0231 0.811335
p11 10.0685 -7.45894 0.524918
p22 10.166 -2.81402 0.741234
c 11.997 9.05777 0.264534
c 11.7035 2.63277 0.562029
c 10.4409 -7.38194 0.202124
c 10.0648 -1.77801 0.0805383
c 11.6975 10.6999 0.789788
p11 10.0814 -11.7126 0.108768
p21 10.1531 -5.93057 0.524522
c 11.8954 3.56957 0.726463
c 10.0267 -7.88879 0.206763
c 10.5537 5.08133 0.618854
c 10.7988 -0.980376 0.392682
p11 10.0087 -6.8623 0.894955
p22 10.033 -10.9405 0.0571001
c 11.0326 -0.16956 0.794946
c 11.9279 11.2991 0.846522
p12 10.0604 -10.1824 0.780175
c 10.3294 -4.30055 0.576952
p21 10.0228 -10.9338 0.486068
c 11.867 5.72515 0.322642
c 11.2646 0.578998 0.962951
p11 10.1098 -10.7705 0.725089
c 11.4776 8.96036 0.551622
p21 10.0862 -3.5132 0.90405
c 11.317 11.666 0.163457
c 10.3405 5.79254 0.704062
p11 10.093 -9.29252 0.221778
pu 11.2351 11.2763 0.0300607
c 10.5533 -1.88861 0.961669
p21 10.0687 -7.02954 0.812098
c 11.5773 9.038 0.255928
c 10.4789 -1.2631 0.0510575
c 10.5838 3.28172 0.736015
p11 10.0652 -11.6595 0.823634
p21 10.1716 -4.19132 0.817347
c 10.6502 1.02799 0.433271
c 11.2589 8.4872 0.0392468
c 10.8584 -10.2941 0.858547
p12 10.074 -5.88388 0.799219
p22 10.0972 -11.0034 0.544725
c 11.8946 5.37577 0.632527
c 11.4973 0.444228 0.354778
c 11.9177 10.6464 0.27073
p11 10.0959 -9.74447 0.437544
c 10.4415 11.4272 0.697104
p22 10.0936 -4.20292 0.642842
c 11.7193 1.49455 0.664083
c 10.5421 6.33308 0.439375
p11 10.0569 -7.1684 0.182867
c 10.9299 0.550432 0.304697
c 10.0792 11.2236 0.907132
p21 10.0535 -9.53511 0.184362
c 11.0334 3.83398 0.299081
c 11.5074 -4.52248 0.687124
p12 10.0616 -10.2462 0.956542
c 10.2271 2.83566 0.972015
p21 10.1624 -3.03711 0.231117
c 11.6332 7.95764 0.828089
p12 10.0219 -2.70446 0.276559
c 10.0301 -7.80969 0.348369
c 11.2878 4.47267 0.663991
c 11.6387 11.8469 0.729972
p21 10.0756 -8.64122 0.209326
c 10.7075 2.19697 0.330149
p11 10.0223 -6.96179 0.789575
pu 10.2888 6.40632 0.154149
c 11.2563 11.6814 0.373516
c 11.2468 -2.52364 0.727378
p22 10.0916 -8.30674 0.206397
c 10.6223 5.53179 0.0549333
c 10.2447 -1.28654 0.663198
p12 10.047 -9.60744 0.196326
c 10.216 10.5688 0.584429
c 11.8776 3.59301 0.435499
c 10.6781 -0.968657 0.378155
p22 10.0539 -9.12647 0.831019
e 0.0 0.0 1.0