c 11.9312 0.907132 0.315087
c 10.9833 -9.44963 0.0877856
p22 10.7534 -0.537004 0.738098
c 11.4354 7.2523 0.737097
p11 10.617 -1.60076 0.43389
c 11.0916 -6.85385 0.0298737
c 10.4769 5.70098 0.063151
c 10.4224 -1.18326 0.119061
c 11.7252 10.0898 0.303173
c 11.8671 -11.2309 0.280052
p21 10.1477 -2.28156 0.458329
c 11.7429 -8.73183 0.207882
p12 10.0105 3.52208 0.728552
c 11.6684 -9.67376 0.357105
p21 10.0557 2.35212 0.756702
c 11.3367 7.4962 0.317187
c 11.1872 -6.96078 0.412747
p12 10.0402 -0.518326 0.0763839
c 10.9602 7.33873 0.763978
p11 10.0599 -0.623554 0.249534
p21 10.1167 4.28651 0.470024
c 10.5318 9.24894 0.126996
c 10.835 -7.86242 0.0114405
c 10.2892 -1.18619 0.397463
c 10.1381 9.3361 0.795131
p12 10.1318 4.339 0.269774
c 10.1717 0.188604 0.651426
p21 10.0391 4.63857 0.265159
c 10.7047 -6.72567 0.568733
c 11.8233 10.6999 0.314794
p22 10.0085 0.964873 0.193526
c 10.7871 -7.55992 0.528033
p12 10.0494 3.14658 0.643564
c 11.4637 -11.2676 0.634091
c 10.8803 11.0683 0.251585
c 10.0734 3.30296 0.723816
p21 10.117 -1.74419 0.498882
p12 10.0176 3.27842 0.425101
c 11.9918 -5.9859 0.0423008
c 10.5653 -10.7724 0.0853929
p22 10.1299 -2.9559 0.322851
c 10.2368 -11.4082 0.745618
c 10.6463 -7.09922 0.711315
c 10.7467 5.06229 0.167305
c 10.2239 -9.89056 0.0826096
p11 10.0432 2.86581 0.174141
c 10.8008 -4.05664 0.317041
p22 10.0267 -0.0375988 0.569514
c 10.8318 -10.5043 0.425247
c 10.4392 8.65493 0.521051
c 10.3262 -7.0604 0.142133
p22 10.0851 3.29551 0.691588
p11 10.0079 -1.64873 0.328711
pu 11.6266 8.93619 0.278636
c 10.6753 -11.6448 0.306371
c 10.4119 3.42308 0.774379
c 10.6923 -9.54631 0.208297
p21 10.0852 -0.778832 0.415335
c 10.1071 9.6701 0.472709
p12 10.0157 -1.00662 0.672325
c 10.004 -9.16617 0.093694
c 11.4746 4.5591 0.437357
c 11.7549 11.9114 0.409084
p21 10.0163 3.56529 0.406716
c 10.1567 -0.457411 0.157026
c 11.9055 -10.4809 0.655454
p11 10.1356 1.85772 0.407327
c 10.0668 -6.66927 0.50711
c 11.3679 11.8323 0.411013
p22 10.1295 -0.275399 0.149995
c 10.2268 10.861 0.0847093
p11 10.1229 4.89322 0.0255766
c 10.1614 -8.6769 0.0572427
c 10.2584 -4.49904 0.749695
p12 10.0306 1.45903 0.301562
c 10.5086 5.7105 0.3667
p12 10.0845 -1.27616 0.401858
c 11.275 -6.59969 0.780263
p22 10.0696 2.64559 0.537995
c 11.9409 -2.64742 0.683873
c 10.9831 7.12998 0.476298
p11 10.0206 0.895291 0.480205
c 10.1022 -6.04743 0.640659
p22 10.0082 -0.935331 0.781654
e 0.0 0.0 1.0