c 11.848 7.71081 0.748743
c 10.8623 1.79486 0.64083
c 11.2861 -5.7625 0.449662
p12 10.1928 3.20896 0.236643
p21 10.7316 -1.49553 0.326611
c 10.474 -9.36833 0.274925
p12 10.0149 4.92593 0.480693
c 11.404 -5.18461 0.700475
c 11.5822 -0.111697 0.702917
p11 10.0332 4.76382 0.616464
p21 10.0777 10.5863 0.175947
c 11.7416 -9.11856 0.259129
c 10.788 -0.343883 0.763221
c 10.1368 -6.07379 0.581184
c 11.243 5.47758 0.621689
p11 10.0829 11.4222 0.74469
p21 10.0419 7.11057 0.469316
c 10.3476 -4.18555 0.60892
c 10.183 -8.38978 0.700133
p11 10.0479 9.50176 0.739685
p22 10.0095 3.89465 0.445438
c 10.1065 9.70013 0.350587
c 10.6579 -8.35316 0.696593
c 10.3969 -3.31614 0.173799
p12 10.0637 5.13004 0.315942
p22 10.0835 11.131 0.621005
c 10.1353 -6.9498 0.0301178
p22 10.0403 6.90158 0.185323
c 10.5297 2.5002 0.167109
p11 10.0071 11.6547 0.529645
c 10.6268 -0.638325 0.711657
c 11.5787 6.11774 0.156782
p22 10.0134 10.1668 0.283202
c 10.776 -8.89663 0.352808
c 10.929 5.47246 0.71737
p11 10.0641 10.1282 0.770692
c 10.109 -3.13523 0.772059
p21 10.0621 4.43837 0.13432
c 10.0831 -10.2832 0.487285
p12 10.0461 7.86694 0.390602
c 10.9536 0.797998 0.299804
c 10.1132 -6.05988 0.422024
c 10.581 1.36418 0.588289
pu 11.9931 -10.582 0.495318
p22 10.0413 9.19975 0.661534
p12 10.0665 4.90249 0.580354
c 11.9619 -8.55019 0.565193
c 10.7841 -0.499893 0.287523
c 10.4621 5.52226 0.798012
p21 10.0712 11.1219 0.107806
c 10.1503 -2.5771 0.264109
p11 10.0482 4.14832 0.584725
p21 10.0513 10.3367 0.116449
c 10.9948 -9.47966 0.550031
c 10.5426 3.25755 0.717907
c 11.8182 -4.02002 0.599935
p12 10.0651 7.65038 0.0108789
c 10.4299 1.18033 0.279857
c 10.3966 -3.927 0.287425
p22 10.009 7.4995 0.204855
c 10.2577 -8.75014 0.206954
c 10.6954 3.29783 0.475883
c 10.8999 -1.73186 0.0229398
c 10.334 -10.9716 0.537775
p21 10.009 6.32222 0.741223
p11 10.087 11.3185 0.0655681
c 10.4837 -2.44819 0.799868
c 10.7395 2.09955 0.652134
p12 10.0831 8.4402 0.277537
p21 10.0631 4.12781 0.0734053
c 10.2518 -3.8728 0.378395
c 10.4382 -11.7773 0.599764
c 10.5526 9.67303 0.194332
c 10.0698 -7.76134 0.790834
c 10.5133 9.37858 0.0952809
c 11.3608 2.04389 0.0903247
c 11.3586 -3.39305 0.102434
p11 10.062 6.55123 0.768177
p21 10.089 10.7921 0.238205
e 0.0 0.0 1.0