p11 11.9905 -3.76949 0.488693
c 11.6177 9.11344 0.528214
p11 10.3698 -3.05582 0.862667
p21 11.1576 1.04297 0.399152
p11 10.3789 -6.9039 0.0176092
c 11.9615 11.3467 0.448103
c 11.7892 5.4102 0.108432
c 10.7931 0.756982 0.44145
p21 10.3898 -3.15043 0.00753807
c 11.0268 6.37556 0.282693
c 11.907 -11.7048 0.635395
c 10.6123 -3.14182 0.148686
p11 11.9554 -7.98425 0.489669
p21 10.1024 -2.57393 0.737358
p22 10.9722 -6.50563 0.941923
p12 10.2587 0.932951 0.546403
p21 10.0019 -2.86325 0.476455
p11 10.0515 -8.03217 0.377575
c 11.1148 6.81063 0.518784
p22 10.109 -4.17676 0.22074
p11 10.6246 1.19938 0.762932
p22 10.0363 -5.78265 0.424421
c 11.2357 11.0237 0.584033
p21 10.4414 0.553911 0.465224
p12 10.3278 -3.37718 0.705832
p12 11.6194 -7.98883 0.248695
c 11.098 5.45781 0.287027
p12 10.3616 1.03122 0.248512
p22 10.1364 -2.62123 0.715232
p22 11.4192 -7.17887 0.199561
e 0.0 0.0 1.0