c 11.9147 -2.04389 0.454203
c 10.6312 2.21601 0.0676434
c 11.2652 11.3782 0.223556
c 11.2648 -1.8952 0.774916
c 10.4444 7.04795 0.10761
c 11.0841 -6.33088 0.128461
p12 10.6997 2.83029 0.635996
p21 10.3336 -2.55684 0.631894
c 11.7886 11.376 0.779164
c 11.7344 -10.7314 0.351026
c 10.5352 2.3061 0.349976
p11 10.0975 -4.26038 0.171357
c 11.0364 -8.93252 0.129926
c 10.8717 10.1601 0.518975
p22 10.1119 -4.43373 0.517291
c 10.0809 10.6691 0.308154
p22 10.0065 -3.56041 0.399953
c 10.1286 9.01456 0.631577
p11 10.04 -1.81964 0.508599
c 11.3003 -10.0209 0.438236
p22 10.0543 1.53227 0.0443272
c 10.6929 9.2797 0.374562
c 10.2644 -6.57259 0.780678
c 11.2617 8.23743 0.336792
c 11.8967 2.93307 0.205831
p11 10.0131 -1.49345 0.793398
p21 10.1201 -5.841 0.50523
c 10.3217 7.87268 0.294652
p11 10.0576 0.41554 0.256175
c 11.4819 -10.6809 0.258738
p11 10.0681 -4.20789 0.538971
c 11.5284 -10.645 0.583333
c 11.1711 11.6579 0.349756
p21 10.0906 -0.112063 0.590291
c 10.7113 -9.90814 0.157417
c 11.878 10.1235 0.114935
c 10.0194 -5.40287 0.287963
p11 10.1186 0.294931 0.804043
c 10.0598 -6.05548 0.046549
c 11.9731 -10.7241 0.283495
c 11.1512 7.63976 0.668882
p22 10.0515 0.634785 0.776332
p12 10.0701 -4.84146 0.463236
c 11.1166 11.9824 0.598812
c 10.7008 -0.480117 0.189669
c 10.5564 11.9993 0.559968
p21 10.1355 -1.85943 0.0640056
c 11.9379 6.72713 0.351881
c 10.1592 11.6455 0.588704
p11 10.097 -0.74636 0.243113
pu 10.5062 7.29844 0.501055
c 11.1921 -10.76 0.6108
c 11.915 11.696 0.525079
p21 10.121 0.335704 0.726843
p12 10.0825 -5.28336 0.450077
p22 10.009 1.04422 0.352979
c 10.9836 11.3386 0.583211
c 11.9248 5.96613 0.315625
c 11.4185 -8.57582 0.0232328
c 10.1037 -2.86422 0.697472
c 11.3327 -7.31089 0.06215
c 11.0364 7.98621 0.0911304
p12 10.1162 1.76544 0.538312
p21 10.0266 -4.19666 0.0576821
c 10.7085 5.78008 0.622592
p22 10.0488 0.317637 0.542829
c 10.8593 7.28599 0.493901
c 11.4649 -5.81744 0.479619
p11 10.1235 -1.55327 0.0856127
c 10.5482 9.34416 0.771473
c 11.6299 2.67818 0.520099
p22 10.1113 -3.78332 0.756507
c 10.8762 -11.7869 0.743079
p11 10.0747 -2.80843 0.107855
c 10.8598 4.77517 0.614315
c 10.0276 -9.83929 0.102117
c 11.8823 10.1601 0.400979
p21 10.0557 -2.73446 0.539777
c 11.4657 6.25397 0.0869555
c 10.8093 -11.3686 0.492363
p21 10.0813 -2.22321 0.628256
p12 10.0532 1.90875 0.801235
c 11.2099 6.9454 0.409988
c 11.2043 -6.56819 0.29038
c 10.4751 5.62627 0.65958
p11 10.0217 1.05692 0.0566079
e 0.0 0.0 1.0