c 10.85 -1.5927 0.191443
p21 10.747 -6.06049 0.976623
p22 11.6785 5.44914 0.301675
c 10.9735 -1.60662 0.25309
p11 10.2841 -5.71087 0.631367
p11 11.3626 2.8602 0.220923
c 10.5343 -9.92206 0.445906
p22 10.585 7.41258 0.276742
p12 10.6743 0.688253 0.457808
p11 10.7642 -5.39543 0.0570391
p11 10.1184 7.31346 0.612079
p12 10.2665 -4.5038 0.243294
p22 10.8808 2.40754 0.726341
c 10.4333 11.543 0.442427
c 10.3088 -2.08417 0.359996
p21 10.6228 6.9902 0.119724
p12 10.4063 2.78353 0.433393
p22 11.5533 -7.3867 0.0606098
p12 10.0016 -1.83184 0.501389
p12 10.3062 7.23972 0.967254
p21 11.7179 -6.59322 0.919736
p12 10.8481 2.76644 0.196051
p12 10.6554 -7.29832 0.251778
p21 10.3947 7.103 0.678426
c 11.1852 -1.44255 0.849727
p22 10.7717 -7.27439 0.911527
p12 10.5514 1.69854 0.951323
p22 10.4028 -3.81579 0.361858
p11 10.8529 -7.9668 0.0910672
p21 10.1707 5.74407 0.980407
p12 11.1386 -7.87597 0.974181
p21 10.9981 -1.17997 0.397046
p22 10.0529 -6.56441 0.900662
p12 11.681 5.92132 0.641072
p22 11.9308 0.057375 0.823267
p22 11.6739 6.08832 0.0505387
c 11.125 -7.223 0.57152
c 11.3001 11.6213 0.35609
c 11.7562 1.93255 0.66567
c 11.6059 -10.8098 0.622608
c 10.5109 -4.54372 0.502091
c 11.8823 5.94195 0.868648
c 11.5677 -0.282357 0.295267
c 10.9148 -4.74221 0.454604
c 11.8722 9.14933 0.87466
c 10.2919 3.21433 0.417066
c 11.378 -6.1822 0.193335
c 11.511 9.10025 0.0254219
c 11.0707 -1.18326 0.985015
c 10.8894 6.86264 0.803278
c 10.5872 -7.78185 0.498001
c 11.8124 1.8139 0.133122
c 10.2435 7.37388 0.946776
c 11.0016 -7.79797 0.427107
c 10.2802 -2.71993 0.353465
e 0.0 0.0 1.0