c 11.9756 -3.26707 0.230018
c 10.3162 8.31361 0.0932646
c 11.7333 -8.13782 0.668203
c 11.5209 -0.453016 0.155187
c 10.189 -10.5805 0.843379
p12 10.8589 0.471328 0.384075
p21 10.0894 -4.34599 0.723502
c 10.5216 11.0962 0.619068
c 11.5298 4.53053 0.936583
p11 10.0123 -7.54683 0.463607
p22 10.1436 -2.17832 0.878842
c 10.7532 8.63295 0.723838
c 10.537 2.45698 0.806085
p11 10.1051 -6.64287 0.2743
p22 10.1053 1.40516 0.161077
c 11.2605 7.84997 0.341899
c 11.9436 -11.0515 0.960997
c 10.5645 -3.83471 0.507584
c 10.5587 11.4228 0.843471
p12 10.0426 -1.90091 0.391095
p21 10.0126 -6.85772 0.470717
c 11.4235 4.32398 0.0764183
c 10.6657 11.6763 0.267922
c 10.4542 5.2996 0.366161
c 10.1804 0.713767 0.524888
c 10.0417 6.50081 0.593188
p11 10.1409 0.148412 0.39201
p22 10.0389 -7.39973 0.186377
c 11.4141 11.8433 0.747642
c 10.1805 -1.09537 0.0397656
c 10.3128 4.63527 0.663533
c 11.028 11.1189 0.700369
p12 10.175 -4.54808 0.776696
p22 10.0081 -0.394207 0.856105
c 11.3643 -8.66811 0.856594
c 10.8826 6.30525 0.58272
p11 10.125 -8.03604 0.451582
p22 10.03 -1.97842 0.105686
c 10.2183 11.9092 0.476089
pu 10.9132 5.04105 0.45558
c 10.3262 -7.80163 0.939573
c 11.1493 -2.45772 0.343455
p12 10.1582 -7.67104 0.78164
p21 10.0739 -0.986266 0.413007
c 11.0329 10.5197 0.702078
c 11.0394 3.98706 0.379894
c 10.398 -4.79055 0.312723
p12 10.0018 0.956542 0.082522
c 10.2667 6.49275 0.428663
c 10.1654 11.1313 0.875088
p22 10.1034 -0.279152 0.77691
c 10.1405 -11.9458 0.514573
p12 10.0319 -3.27882 0.4026
c 10.7408 -7.37681 0.181982
c 10.421 10.0187 0.205817
c 11.2339 3.91308 0.90817
p22 10.1776 -0.953611 0.361095
c 10.6474 -9.24454 0.839137
p12 10.1624 -1.12696 0.0703757
c 11.4657 5.37211 0.654378
c 10.6833 9.99457 0.167547
c 10.0226 0.343883 0.269173
c 10.5014 -4.74221 0.905301
p22 10.101 1.64779 0.921079
p12 10.1614 -5.08734 0.63683
c 11.3844 6.1507 0.203162
c 10.791 -11.8037 0.385937
c 10.7053 3.8208 0.299387
c 10.9027 -0.396618 0.677877
p22 10.0733 -5.10138 0.477096
p11 10.0459 -0.761039 0.167943
c 11.4074 -11.3694 0.495437
c 11.0483 3.27366 0.351238
c 10.383 -6.86703 0.432386
c 11.839 9.63054 0.839412
p22 10.0896 -4.74404 0.849818
p11 10.1583 0.615955 0.21662
c 10.9122 -11.2419 0.198279
c 10.4224 10.7417 0.446913
c 11.0454 4.76125 0.810205
p21 10.1664 -7.07959 0.876003
p11 10.16 0.387982 0.800165
pu 10.0873 5.86578 0.674673
c 11.3086 11.0888 0.76397
p22 10.1341 0.957458 0.297555
e 0.0 0.0 1.0