c 11.9117 6.92929 0.0317536
c 10.4098 -11.4023 0.287645
c 10.0321 1.50847 0.0730146
c 11.6691 5.69878 0.575105
c 10.3412 -7.02377 0.741077
p12 10.564 -1.51384 0.454276
p22 11.378 3.03952 0.80602
c 11.1988 -10.6545 0.282103
c 10.4683 -2.30757 0.200118
c 10.1491 11.9846 0.473808
c 10.7755 7.88659 0.44639
p12 10.0643 3.17466 0.808828
p22 10.0318 7.93164 0.0166897
c 11.5936 -11.0178 0.0761641
c 10.9051 -5.0242 0.562068
c 11.8901 -9.67595 0.195626
c 10.2552 3.57982 0.0712567
c 10.8628 -0.658834 0.465678
c 11.1493 -9.97699 0.302978
c 10.4045 -2.81149 0.379127
p11 10.1152 5.8825 0.0101953
c 10.5647 -11.5063 0.319336
c 11.3655 1.66009 0.0513099
c 10.0135 9.33097 0.162544
p22 10.0223 4.62954 0.337305
c 10.7269 -11.2463 0.64393
c 11.9861 -5.33622 0.648984
c 10.2748 9.69134 0.710534
p12 10.0405 5.19669 0.486846
p21 10.0811 10.2825 0.345874
c 11.1129 -0.355601 0.0583901
c 10.7829 -9.1398 0.117498
c 10.4429 -0.434706 0.239695
c 10.3566 -6.08991 0.153559
c 10.423 4.21339 0.360401
p21 10.0699 10.3118 0.338452
c 10.9804 -1.95306 0.353419
c 11.6528 -11.2361 0.778847
p11 10.0961 9.33696 0.582747
c 11.6545 -3.8977 0.101678
c 10.4595 -10.6677 0.021597
p21 10.1024 2.97397 0.561726
c 10.0391 -6.92123 0.545075
c 11.7345 -2.45845 0.62435
c 10.4245 -8.1532 0.26052
p11 10.0165 10.3062 0.185835
c 10.9809 3.97974 0.648105
p22 10.0078 10.8602 0.414798
c 11.199 -11.5964 0.100774
c 10.802 3.76293 0.130658
c 11.4341 -7.5211 0.127386
c 11.4502 -1.57366 0.49959
p22 10.1082 5.08145 0.482915
p11 10.092 10.1873 0.0949635
c 11.9825 -4.12915 0.745691
c 10.4128 1.53777 0.0503333
c 10.8047 10.6691 0.327075
c 11.8457 -3.50291 0.616464
p12 10.1232 5.2172 0.27307
p22 10.0526 10.2318 0.376808
p11 10.0869 3.92175 0.0391269
pu 11.6496 -7.09702 0.54632
c 11.5098 -11.9333 0.664488
p12 10.0988 5.49187 0.44307
c 10.181 -5.66216 0.640268
p21 10.0905 4.60195 0.610555
c 10.901 11.5466 0.70968
c 10.0969 -4.09326 0.494927
p12 10.1218 6.61226 0.342432
c 11.8175 11.1299 0.150947
c 10.1762 -0.140263 0.584627
p22 10.0585 7.81152 0.0676678
c 11.4447 -5.03299 0.0391513
c 10.1053 -11.707 0.684654
p12 10.0304 4.13562 0.198141
c 10.9516 11.4543 0.057145
c 10.4732 -5.39848 0.305932
p22 10.0859 6.71676 0.0693524
c 10.8446 -1.30265 0.771791
c 10.0924 -6.02765 0.319702
c 11.9841 -11.7202 0.01271
p21 10.1002 9.10599 0.655943
c 10.4964 3.12571 0.0915455
c 10.7175 -3.45677 0.767933
p11 10.0884 8.27076 0.657822
c 10.8452 2.84518 0.631186
p22 10.0123 9.38725 0.369166
c 11.3437 -3.91162 0.619442
c 10.5822 2.13984 0.102093
c 10.6247 11.1855 0.216696
p12 10.0091 5.71136 0.40176
c 11.0213 -11.1972 0.655747
c 11.9858 -6.25397 0.414944
p21 10.0115 10.2633 0.350172
c 11.7981 0.0999794 0.0599283
c 11.6683 -9.49797 0.279246
c 10.9972 0.695457 0.314575
c 10.1509 8.4557 0.491704
p12 10.0519 3.35948 0.78036
e 0.0 0.0 1.0