c 11.8701 3.80248 0.801479
c 11.9253 9.13248 0.682188
c 11.1668 -9.7763 0.764759
p11 11.6499 -2.35371 0.736487
p22 11.2594 1.67718 0.424978
c 11.0744 -10.1704 0.739881
p11 10.0343 6.89645 0.0947194
c 10.5417 1.08365 0.20964
c 10.239 -5.47465 0.356617
c 10.4251 3.61791 0.107488
p12 10.087 7.74267 0.0877612
c 10.1867 3.23191 0.772084
p21 10.0378 7.687 0.246238
c 11.3069 -10.3557 0.62999
c 11.1957 -3.29783 0.142475
c 10.5758 0.973785 0.381789
p22 10.0712 5.35051 0.373659
p12 10.0367 0.813014 0.0501868
c 10.5101 -5.17655 0.455668
p22 10.0164 7.57176 0.185103
c 10.6748 1.7575 0.269627
c 10.8725 -6.25617 0.405886
c 10.109 -0.461073 0.670201
c 10.54 -5.77276 0.686925
p11 10.0958 1.80841 0.0481603
c 10.9652 6.98129 0.152412
c 11.6841 -10.809 0.17292
p21 10.0381 5.68181 0.0123194
c 10.4613 -2.40205 0.406155
p12 10.0522 2.56575 0.768934
c 11.7413 -11.0676 0.233396
c 10.2725 -4.56423 0.0968923
c 11.9908 9.33976 0.33169
c 11.5117 -9.59246 0.769618
p21 10.0173 1.86602 0.592122
p11 10.0247 7.687 0.723449
c 10.6889 -11.5744 0.41553
p11 10.0472 5.23942 0.663145
c 10.5988 -3.60765 0.707043
p22 10.0484 5.06241 0.32417
c 10.1107 -2.28413 0.422
c 11.7688 10.5109 0.417752
p12 10.0043 3.07505 0.525592
p22 10.0042 7.7307 0.297069
c 10.9372 -5.52959 0.354932
c 10.1759 5.4644 0.115472
c 10.5087 -8.88565 0.1696
p11 10.0959 0.818141 0.0717206
c 10.3245 11.5605 0.253977
c 10.3288 -7.95032 0.559113
c 10.6611 -1.8637 0.306371
pu 10.2576 9.74407 0.759339
p22 10.0923 1.69292 0.207711
c 11.9283 -2.37934 0.467314
p12 10.0396 7.71703 0.663413
c 10.6381 -8.76626 0.149433
p22 10.0601 1.53594 0.479375
c 10.8948 -10.6113 0.124969
c 10.1558 9.14054 0.755433
p21 10.0806 3.16392 0.656724
p12 10.0802 7.61083 0.122113
c 11.0439 -5.90826 0.720837
c 10.0493 7.21714 0.162495
c 10.5774 -1.00967 0.639511
p11 10.1036 3.0643 0.209908
p21 10.0483 7.47337 0.011001
c 11.584 -8.9003 0.787953
c 10.9189 -0.432508 0.33938
c 11.3945 -7.99573 0.595736
p11 10.0948 6.80294 0.344996
c 11.6592 2.37642 0.133685
c 10.8379 -5.91339 0.0932789
c 11.2439 -10.8523 0.345142
p22 10.0579 0.446791 0.0707929
c 10.3341 -6.19611 0.61224
c 10.832 5.63433 0.13266
c 11.287 10.4553 0.435526
c 10.3422 5.22636 0.0411533
c 10.3569 1.2111 0.503643
p12 10.0703 6.31538 0.226559
c 11.0896 11.822 0.786879
p22 10.0972 1.65117 0.567561
c 10.3168 -9.32365 0.499126
c 10.1077 -4.44777 0.72655
c 11.4848 8.30848 0.515264
c 10.3696 -11.269 0.796059
p21 10.0961 6.96921 0.739441
e 0.0 0.0 1.0