c 11.8339 0.995026 0.131928
c 10.2087 -3.31761 0.684313
c 10.2256 -10.9812 0.72008
c 11.2281 2.03143 0.597884
p12 11.9905 -3.81787 0.159345
p21 10.1127 3.28611 0.695153
c 10.4896 -4.44777 0.260203
c 11.4978 -10.0876 0.598495
c 10.0177 1.29972 0.158491
c 10.0785 -7.1981 0.806289
p11 10.0681 1.39531 0.347266
p21 10.0316 -2.93783 0.684947
c 10.1268 5.97418 0.259959
c 10.4903 10.5007 0.780898
c 10.032 -3.16233 0.0459142
p22 10.0425 3.01914 0.49002
p11 10.0295 -1.16947 0.404201
c 11.5455 7.76647 0.270775
c 10.9065 -7.48155 0.77599
p22 10.0121 -2.54427 0.805044
c 11.1864 -7.36729 0.374415
p11 10.0179 1.08817 0.619247
c 11.0349 -3.52196 0.284447
c 10.4595 11.0039 0.776674
p22 10.0436 3.27305 0.422635
p11 10.011 -1.86822 0.575423
c 11.5628 -11.7678 0.55799
p21 10.066 3.05918 0.14289
c 11.576 11.8608 0.509405
p11 10.0355 4.95303 0.0726484
c 10.7478 -11.0127 0.269676
c 10.7852 -3.35716 0.263255
p11 10.0065 1.57036 0.170137
p22 10.0775 -2.47566 0.0111963
c 10.0716 5.86065 0.610433
p12 10.0681 -1.87335 0.299145
c 10.2145 -7.26475 0.269261
c 10.71 11.7158 0.330127
c 10.0929 -10.9856 0.578377
c 11.5364 -1.98895 0.42388
p22 10.0493 3.57628 0.663609
p12 10.0457 -1.8482 0.382839
c 11.6882 -9.51189 0.599203
c 10.7362 8.59926 0.724182
c 11.6306 2.03729 0.73971
p22 10.0389 -2.98886 0.16081
p12 10.0746 3.58385 0.121185
pu 11.2282 9.41813 0.0232817
c 11.9637 -7.3878 0.600716
c 10.1384 10.1923 0.644516
c 10.9648 5.59551 0.303466
c 10.9569 -6.68758 0.0272857
c 10.6084 -11.6287 0.76913
p22 10.0386 -0.582537 0.54112
p11 10.028 4.87002 0.348121
c 10.0402 -6.16681 0.25615
c 11.4998 10.3806 0.655479
c 10.4824 6.2635 0.693517
c 10.4483 -4.07129 0.722351
p12 10.0253 4.98062 0.797817
p22 10.0026 -0.310312 0.741565
c 11.5085 -5.61016 0.573225
c 11.8188 -11.3686 0.753162
p12 10.0568 -1.50029 0.292992
c 11.8398 10.4348 0.166206
p22 10.0568 3.69909 0.780019
c 10.2876 -6.16095 0.478789
p12 10.0548 3.67931 0.759974
c 11.4225 -11.3137 0.170503
c 10.2178 -2.48262 0.459306
p21 10.0281 1.6812 0.142426
c 11.1562 -8.54067 0.515899
c 10.2935 11.8286 0.801968
p11 10.0168 -0.30372 0.225583
c 10.0525 -6.08258 0.724182
c 10.1691 2.56099 0.803872
p21 10.0402 -2.19953 0.292064
c 11.7809 8.84903 0.32915
p22 10.025 -1.88287 0.529938
e 0.0 0.0 1.0