c 11.7862 7.31822 0.673635
c 10.7171 -4.26978 0.656789
c 10.5338 8.49452 0.597369
p12 11.3209 -3.31614 0.845912
p22 11.2768 4.0231 0.279214
c 10.169 -11.4741 0.0224616
c 10.3002 10.4011 0.488174
c 11.3787 -5.17655 0.998199
p12 10.0031 8.77013 0.353771
c 10.3979 4.01782 0.231758
c 11.3638 -9.46941 0.487136
p22 10.028 7.14319 0.49733
c 11.1346 -0.144657 0.90643
c 11.2271 -9.20792 0.998505
p12 10.0089 2.98901 0.70336
p22 10.0335 10.4273 0.517869
c 10.6313 -8.87613 0.399457
c 10.7765 -1.0441 0.696005
c 10.3254 2.99753 0.0102542
c 10.2111 -11.2361 0.78695
p11 10.03 7.40413 0.280679
p21 10.0395 3.13367 0.850581
c 11.4895 -1.19791 0.0551164
c 10.752 -8.45131 0.00448622
c 11.5036 11.718 0.275887
c 10.4166 7.14829 0.813288
c 11.767 -2.67086 0.446333
p12 10.0167 4.40294 0.209387
p21 10.0022 9.94662 0.601917
c 10.4473 -8.41615 0.697348
c 10.7299 -0.871975 0.0493179
c 10.0327 5.13553 0.920774
c 10.2123 -3.31468 0.14948
p12 10.044 10.7007 0.350902
p21 10.0181 5.28828 0.382824
c 10.1094 -10.8676 0.934538
c 11.3937 -5.76983 0.680502
c 10.8776 -1.05728 0.327219
p12 10.0254 9.31031 0.0936613
c 11.7098 4.48439 0.649983
p22 10.0007 10.6989 0.0178228
c 10.3519 -1.74285 0.482345
pu 10.4406 -6.15802 0.611133
c 11.265 6.11115 0.139805
c 10.5806 -10.708 0.475539
c 11.0548 2.0014 0.685995
p11 10.0141 9.86728 0.897
p21 10.0297 4.71331 0.463118
c 11.7599 -9.51262 0.791345
c 10.1703 -2.53316 0.177343
c 10.7398 11.436 0.629383
p11 10.0299 4.77892 0.102725
c 10.1091 -10.3381 0.382336
p21 10.0289 10.2411 0.524155
c 10.058 -5.9273 0.829218
c 11.2946 -1.32829 0.348735
c 10.9152 -11.1115 0.105564
c 10.7486 3.875 0.739494
p11 10.0274 10.188 0.310099
p21 10.0419 2.91394 0.484085
c 10.2586 -7.33799 0.780206
c 10.0695 -11.5781 0.700583
c 11.5023 -2.73897 0.414136
p11 10.0037 4.59062 0.732749
p21 10.032 9.433 0.372692
c 10.6461 -2.13031 0.295602
c 10.5748 -11.9158 0.811609
c 10.3854 -0.940825 0.341411
p11 10.0205 7.22803 0.61211
c 11.3536 -5.19779 0.982482
p22 10.0439 11.5809 0.280251
c 11.381 -10.215 0.846217
p11 10.033 5.52849 0.646901
c 11.4554 -3.65966 0.821436
p22 10.0153 10.329 0.528092
c 10.914 -3.37181 0.110935
c 11.0855 3.59227 0.717368
p12 10.0443 9.02557 0.622974
c 11.1246 -5.65044 0.229011
c 10.4208 1.21256 0.492233
p21 10.0195 7.87564 0.774316
pu 10.2653 -6.33528 0.430555
p12 10.0231 6.80078 0.867794
c 10.7319 -11.8396 0.86581
p22 10.0164 3.80477 0.38374
e 0.0 0.0 1.0