p22 11.3809 4.6118 0.937346
p22 11.4582 0.154119 0.745506
p11 11.2089 4.21262 0.484359
p12 11.8767 7.97693 0.0842006
p21 11.0506 -0.197149 0.846492
p22 11.2831 6.34541 0.594195
c 10.7683 -11.102 0.44264
p22 10.8633 2.04505 0.734672
p12 11.8893 7.28477 0.371807
c 10.6924 -1.77361 0.603534
c 11.3448 10.6684 0.378216
p21 10.9948 6.27247 0.862056
p12 10.4606 1.46184 0.298105
c 10.8892 11.8249 0.878811
p22 10.5868 4.47432 0.270302
p11 10.0905 8.69564 0.605701
c 10.7114 -5.90167 0.777306
c 10.7964 -10.4106 0.789727
p11 11.6294 -0.159916 0.975524
p22 10.6833 8.05261 0.586352
p11 10.3312 2.52693 0.951262
c 10.3509 -5.85699 0.472915
p22 11.1239 7.60002 0.762596
p11 10.9754 2.60414 0.105991
p21 10.0667 6.93777 0.947508
p12 10.2263 2.94931 0.906522
p12 10.1068 6.592 0.45204
pu 11.1367 -8.17078 0.47792
c 10.7622 -3.99145 0.0782189
c 11.629 -11.9216 0.794366
c 10.4967 5.83648 0.761101
e 0.0 0.0 1.0