c 11.9346 -0.0142822 0.715173
p22 10.4145 3.99683 0.742444
c 11.8336 -5.86724 0.65167
p12 10.7722 2.23652 0.378371
c 10.612 11.0822 0.0888598
c 11.0326 -11.3489 0.531036
c 11.1862 5.00516 0.602865
p21 10.1304 -2.94882 0.641855
c 10.3598 -10.0363 0.536749
p12 10.0255 -1.02469 0.699084
c 10.6636 3.58129 0.0914234
c 10.0455 -8.75967 0.616684
p21 10.0851 -0.526871 0.216916
c 10.3042 6.49934 0.0192288
c 10.9326 11.3598 0.595858
c 10.9023 -11.6814 0.22214
p21 10.05 2.56673 0.161494
p11 10.1081 -3.84045 0.472831
c 11.4263 11.8513 0.785097
c 10.7497 -0.795068 0.151801
c 11.2016 4.42067 0.808218
c 10.2766 -9.10099 0.344361
p12 10.0126 -3.66515 0.32312
p22 10.1194 0.786645 0.665733
c 10.3931 10.204 0.781557
c 10.8947 -6.81869 0.618075
c 10.9596 1.2609 0.782729
p11 10.1165 -3.79675 0.496221
p21 10.147 0.820094 0.617611
c 11.7567 -11.7034 0.428152
p11 10.0591 -0.776635 0.534088
c 10.8165 -8.80728 0.727234
c 10.4504 -0.721091 0.704967
p21 10.0437 3.494 0.335425
p11 10.0009 -2.81136 0.232956
c 11.4016 -9.24747 0.419095
c 11.5042 8.63076 0.472856
c 11.3132 2.54708 0.250779
c 10.4217 -2.10614 0.242502
c 10.6685 -6.66195 0.220529
c 11.1119 8.36415 0.658726
p21 10.0798 1.87701 0.439041
p12 10.1492 -3.13437 0.689
pu 10.1592 4.47487 0.276707
c 11.4595 -8.93545 0.285741
c 10.5016 11.3716 0.219064
c 10.0294 -6.26862 0.314941
c 10.9875 2.27241 0.706603
p21 10.1368 -2.11701 0.771278
p12 10.0447 2.99008 0.230881
c 10.1962 10.6728 0.757264
c 10.5755 1.42717 0.0617106
c 10.7185 -8.69008 0.251804
c 10.0667 -2.10907 0.504302
p21 10.0953 3.62145 0.592586
p22 10.0593 -1.12332 0.501006
p12 10.0232 2.89535 0.0513099
c 10.0015 -11.8982 0.741492
c 10.2897 11.1035 0.11015
c 10.3531 -3.97388 0.507354
c 11.4451 6.2613 0.793984
p22 10.0778 -1.77569 0.325537
p12 10.0934 3.45103 0.563191
c 11.954 -8.7897 0.644004
c 10.4527 -3.22971 0.407986
c 11.3105 -7.99646 0.652524
p21 10.0192 3.1605 0.765223
p12 10.1201 -3.23447 0.10805
c 10.2007 -8.30042 0.749354
c 10.4895 2.12958 0.733069
c 10.5864 -3.71752 0.135834
c 11.2104 7.36876 0.365211
p22 10.0735 -2.43098 0.144404
c 10.6305 3.22605 0.630405
p11 10.0109 -1.25541 0.598275
c 10.5764 6.15803 0.227023
c 10.7274 -6.6971 0.460209
c 11.3699 11.7935 0.777748
p21 10.1386 0.220222 0.465776
p12 10.1242 -4.01355 0.766175
p11 10.0047 2.90463 0.138715
e 0.0 0.0 1.0