c 11.7781 8.81533 0.690054
c 11.4579 -11.0398 0.689871
c 10.2703 2.00433 0.0252388
c 10.6631 8.93179 0.189795
c 11.8171 -6.28986 0.140049
p12 10.1182 1.79861 0.480209
p22 11.1635 -4.06034 0.257912
c 10.6867 -11.7876 0.176855
c 10.1137 8.93838 0.112278
c 10.0977 -5.01321 0.98648
c 10.389 7.38267 0.13187
c 10.9469 3.19089 0.297372
c 10.1436 -10.938 0.521744
p12 10.0186 6.04929 0.208899
p22 10.0347 11.2915 0.842799
c 11.3653 -2.39839 0.177709
c 10.1315 -10.634 0.132023
c 10.5391 5.76544 0.290811
c 10.3873 -2.39253 0.663503
c 10.0835 11.7217 0.0748619
c 10.2582 -8.5392 0.905423
p11 10.0209 8.35679 0.228248
p21 10.0352 3.83242 0.0837733
c 11.0988 -0.26844 0.853938
c 10.2013 -11.8608 0.335887
c 10.9087 -5.85699 0.690359
c 11.4352 4.19947 0.823542
p11 10.0197 10.2544 0.754662
p22 10.0302 3.86843 0.627033
c 11.7836 -11.4587 0.109745
c 10.8541 -6.47005 0.767876
c 11.6438 -10.664 0.636219
p11 10.0176 11.5484 0.157201
c 10.2759 -2.01971 0.806421
p21 10.0284 6.25193 0.289346
c 11.2125 -6.10895 0.896146
c 10.3197 10.7226 0.57799
p12 10.0171 5.74044 0.254402
c 11.1068 0.838283 0.470229
c 10.0256 -10.998 0.631397
p21 10.0347 11.7138 0.662099
c 11.0203 -1.02945 0.219581
c 10.4541 5.21537 0.604175
p11 10.0128 9.62697 0.27308
c 10.9151 -9.89642 0.969726
p21 10.0206 10.5669 0.889767
pu 10.2385 1.81243 0.909604
p12 10.001 11.0177 0.714438
p21 10.0361 3.91574 0.00668355
c 11.8027 -11.9128 0.731071
c 10.7904 -4.75613 0.710288
c 10.8061 1.44328 0.441298
p11 10.0344 10.339 0.0939055
c 10.733 -11.4228 0.562395
p21 10.009 7.62893 0.640522
c 11.6207 -4.77956 0.50557
c 11.0702 2.99167 0.521104
c 10.6459 -11.636 0.497818
p11 10.033 9.08283 0.809351
p22 10.0215 4.0076 0.595569
c 10.6867 -10.541 0.823573
c 10.3463 -3.25608 0.278268
p12 10.0018 6.58641 0.151463
c 10.6494 1.91937 0.0938444
c 10.8552 11.6352 0.527238
c 10.0897 -4.86526 0.767235
p21 10.0067 4.3665 0.698294
c 11.4836 -10.445 0.0754112
c 10.4207 -0.315317 0.575304
p12 10.028 7.61306 0.919919
c 10.4313 -8.83291 0.0694906
c 10.5905 0.185675 0.59386
p22 10.0146 4.79772 0.418592
c 10.7251 -4.11451 0.669332
p11 10.0362 11.1782 0.0425428
c 10.619 -9.35368 0.357402
c 10.1946 4.45729 0.52736
c 10.8051 -0.497696 0.234199
c 10.3151 -6.99155 0.317972
p22 10.0266 3.97525 0.540757
c 10.9825 11.7253 0.513169
p12 10.0252 5.40352 0.75103
c 11.21 -4.34742 0.167241
c 11.0996 11.0647 0.663594
p21 10.0275 5.04736 0.549944
pu 10.8269 -8.60585 0.0151982
c 11.8788 0.959136 0.681661
p12 10.0169 11.828 0.857356
c 10.5634 2.24018 0.652699
p22 10.0366 10.6762 0.390667
e 0.0 0.0 1.0