p22 11.9494 -0.869777 0.280785
c 10.2124 6.85971 0.184859
p12 11.5927 0.650777 0.69027
c 10.3982 10.1103 0.582527
p22 10.0828 -4.04504 0.0621012
c 10.1063 4.12989 0.469291
c 10.3707 -6.52132 0.680309
p21 10.0957 0.295176 0.535822
p12 10.0676 -4.85122 0.442557
c 11.4316 -9.67009 0.200777
c 10.3708 3.4868 0.361402
p21 10.0201 -4.46889 0.465629
c 11.1375 8.31507 0.187544
p21 10.0497 1.57036 0.104754
c 10.207 5.87237 0.802138
p11 10.0308 -3.94201 0.076628
p21 10.1146 1.42876 0.72655
p21 10.0611 -3.18979 0.0672283
c 10.9719 -9.99603 0.599666
c 11.8693 10.5043 0.727356
c 10.4965 0.833156 0.780824
p11 10.0802 -3.30113 0.0895923
c 11.5895 -10.3366 0.192769
c 11.8743 11.6579 0.741785
p22 10.0823 2.2657 0.0330476
c 11.0551 -5.16703 0.361695
c 10.9102 10.0737 0.576814
c 10.3154 -10.1389 0.145746
c 10.6872 -5.21317 0.517828
p12 10.0225 0.10059 0.067326
c 10.0482 -7.30869 0.411379
c 11.0346 5.17289 0.105926
c 10.0451 -2.34126 0.222702
p11 10.0528 2.55721 0.703381
p22 10.0388 -3.67785 0.497905
p12 10.1624 1.78057 0.779018
c 10.1508 10.1059 0.474101
p12 10.0084 -4.71743 0.351343
p22 10.0949 2.72811 0.777577
p12 10.124 -3.65099 0.496563
c 11.0851 9.03653 0.791664
c 10.0917 -4.01489 0.32478
c 10.7245 10.1769 0.178853
p21 10.0208 3.11411 0.368971
c 10.1968 -9.36393 0.378883
p11 10.082 2.86825 0.588387
c 10.0382 -8.86953 0.0133692
c 10.2969 7.26914 0.424734
c 11.1809 -2.79464 0.650327
pu 10.7594 4.47121 0.393483
p21 10.0864 -4.49061 0.792543
p11 10.0784 2.61531 0.678209
c 11.616 -9.29508 0.33728
c 10.2123 7.27647 0.177974
c 11.4319 11.97 0.24426
c 11.263 -3.60985 0.458817
p21 10.0428 0.45314 0.0407627
c 10.7437 5.64605 0.34607
c 11.544 -10.2341 0.296019
p12 10.1492 0.163336 0.473955
c 10.9851 -7.23472 0.39612
c 11.6129 -11.4368 0.672496
c 10.5279 11.1745 0.350782
p22 10.055 0.266611 0.401662
c 11.1765 -10.0978 0.652354
p11 10.0129 0.960479 0.464799
c 11.0713 -4.21558 0.664854
p22 10.0618 2.52205 0.715954
c 10.4966 -2.49214 0.635166
c 10.4044 11.9443 0.792739
p12 10.0187 -1.08524 0.601034
c 11.4122 -5.7691 0.482622
c 11.3214 8.79922 0.509966
c 11.1711 -4.09253 0.168574
c 10.5037 6.72054 0.0722089
c 11.215 -8.2118 0.784487
p11 10.1349 2.86972 0.0952809
e 0.0 0.0 1.0