c 11.9 7.4984 0.159223
c 11.401 -3.29124 0.4804
c 11.3907 2.89792 0.4585
c 10.8074 -10.2832 0.648081
p12 11.4526 -2.21088 0.569124
p22 11.2529 3.76635 0.403664
c 10.7115 -11.6785 0.216745
c 10.3107 5.72955 0.626596
c 10.0819 -9.35514 0.562751
p22 10.1142 7.11521 0.171284
p12 10.0176 11.2918 0.0620768
c 10.5578 -5.1597 0.51839
c 10.7845 -9.5866 0.019888
c 10.7729 1.41691 0.689415
c 11.0595 -7.60753 0.204586
c 10.3717 1.93768 0.50479
c 11.5326 6.13898 0.297143
p12 10.1076 10.6912 0.556379
p22 10.0701 5.23112 0.469682
c 11.4413 0.243538 0.433353
c 10.5958 -10.5388 0.760853
c 10.6643 0.529191 0.558894
p11 10.0493 6.61177 0.656406
p22 10.0271 10.8424 0.447513
c 10.0452 -10.4787 0.0100977
c 10.8005 -3.87426 0.48228
c 10.9266 5.16703 0.121551
c 10.3964 0.73867 0.154511
c 10.2949 11.1028 0.236521
p11 10.1074 4.37538 0.554182
p21 10.0912 8.69948 0.0336091
c 10.0904 0.159307 0.311572
c 11.7515 -11.0332 0.484599
c 10.2175 8.56191 0.273997
c 10.6615 -8.99698 0.228073
c 10.4993 -1.29093 0.38401
p21 10.0014 6.24091 0.127557
c 10.9068 -9.54411 0.514434
p11 10.0079 9.83111 0.601668
c 11.3321 3.89184 0.522516
c 11.5018 -8.90909 0.0869311
p21 10.0227 11.3033 0.267479
c 10.3718 3.8728 0.623569
c 10.7624 -3.60985 0.479204
p12 10.0066 8.66408 0.123138
c 10.0555 -6.30891 0.0731123
p21 10.0557 4.54921 0.215744
c 10.0944 -11.1416 0.651597
c 10.5882 -5.67388 0.61097
c 10.1231 -1.25504 0.0840013
p12 10.009 4.8439 0.246775
p21 10.064 10.45 0.535675
p11 10.0528 4.33143 0.302953
c 11.0305 -3.11838 0.18188
c 11.9407 -9.26725 0.346851
p22 10.0616 8.76711 0.449491
pu 10.6123 2.717 0.497344
c 11.6905 -2.55733 0.478715
c 10.2265 5.45488 0.37925
p12 10.0871 9.84356 0.699303
p22 10.0652 4.71059 0.732117
c 11.9775 -10.2846 0.111297
c 11.4851 -2.71847 0.715954
p12 10.0023 5.95892 0.365187
c 11.3157 0.184942 0.755213
p21 10.1237 11.1847 0.509966
c 11.2156 -3.37034 0.750013
c 10.9944 -9.41594 0.792373
p11 10.1085 10.5282 0.421292
c 10.1784 -7.6925 0.244529
p22 10.0115 5.75555 0.470439
c 10.1248 -5.59624 0.520489
p11 10.0072 8.48732 0.386232
c 10.5333 2.78366 0.0920338
c 10.364 -7.80309 0.330762
p21 10.0467 6.47432 0.278807
c 10.6655 -1.19791 0.528693
c 10.2716 -10.7021 0.501275
p12 10.1187 5.96551 0.163203
c 11.1047 11.1328 0.0395663
c 11.3251 1.06314 0.522491
c 10.1361 6.03864 0.456913
c 10.2909 -10.2487 0.314746
p22 10.0746 6.89157 0.759242
c 10.0942 -8.74575 0.693078
p12 10.0273 11.3937 0.0942555
e 0.0 0.0 1.0