p12 11.8394 -2.75582 0.166963
c 10.8162 4.18848 0.348902
c 11.6719 -2.48775 0.58658
p22 11.2863 1.54826 0.79059
c 10.6294 -6.60555 0.511749
c 11.9768 -10.9453 0.242966
p12 10.0562 -2.28938 0.746619
c 11.0577 -11.466 0.537995
p22 10.0331 -6.04877 0.0476476
c 11.0642 8.53847 0.280809
p12 10.0493 -0.30665 0.623569
c 11.4087 -11.0024 0.046256
c 11.5692 4.5884 0.0674236
c 10.218 -5.17215 0.20234
c 10.6652 6.48177 0.509039
c 11.5217 11.1313 0.760194
p21 10.0832 0.528092 0.508355
p12 10.0287 -4.14002 0.115936
c 10.6694 6.15876 0.803603
c 10.0804 0.271371 0.374147
c 11.2299 -10.8515 0.280272
c 10.2331 -4.25074 0.762562
p22 10.0271 0.768334 0.140912
c 11.3327 -11.2895 0.794375
p12 10.0119 -3.82751 0.796059
p12 10.0533 0.244392 0.766835
c 11.7913 -9.12076 0.27307
p21 10.0085 -0.112064 0.0546303
c 11.2505 9.07315 0.569221
c 10.5355 4.49098 0.0553383
c 10.7893 -8.13416 0.427786
c 11.368 11.0779 0.486943
p11 10.0597 -6.71041 0.735803
c 11.3208 8.55532 0.224362
p21 10.0488 -1.88922 0.712438
c 10.5853 -7.19077 0.215036
c 11.3493 -11.414 0.474028
p22 10.0758 -0.271248 0.5649
p11 10.0613 -5.32707 0.255149
c 11.7157 4.37159 0.134296
c 11.3604 -10.3916 0.345728
p11 10.0703 -5.95379 0.550641
c 11.9467 11.5473 0.720862
p22 10.0751 -5.08536 0.703283
c 11.2635 2.07465 0.299853
c 11.2445 9.65252 0.701818
p11 10.0059 -5.97552 0.279686
pu 10.3412 11.0405 0.793544
p21 10.0685 0.47853 0.0723554
c 10.7022 -6.60775 0.158955
c 11.7328 -11.6308 0.327612
p22 10.0118 -6.19233 0.195064
c 10.1773 5.96906 0.422195
c 11.2416 -1.44987 0.309911
p12 10.0451 -5.46257 0.0833665
c 10.822 -10.2919 0.712756
c 11.2305 10.4729 0.531769
c 10.151 0.220832 0.550861
p21 10.0817 -5.49968 0.559089
c 10.859 11.1657 0.0375643
c 11.5007 6.46419 0.067033
p12 10.0365 0.192145 0.157075
c 10.8963 -11.4324 0.354469
c 10.1049 -5.25858 0.516217
c 10.7648 6.59237 0.319897
p12 10.0302 -3.80529 0.0765304
c 11.5402 -10.6875 0.185835
c 11.3006 1.68719 0.203805
c 10.4915 8.24036 0.58011
p22 10.0485 0.278329 0.641855
p22 10.0666 -6.63472 0.138275
c 10.9082 6.92782 0.273631
c 11.1815 -11.2412 0.418802
p11 10.0287 -1.55351 0.566316
c 11.9219 2.93014 0.255882
c 11.4909 9.73455 0.361085
c 11.7511 5.42631 0.63458
p22 10.006 -1.52934 0.446732
c 11.4363 6.71322 0.667173
p12 10.0352 -0.496597 0.173189
c 10.5097 -6.1551 0.785146
c 11.2993 11.2199 0.19211
c 10.0714 6.20271 0.797304
p22 10.0491 -5.77996 0.0683758
e 0.0 0.0 1.0