Number of groups: 7
Number of meshes: 1
Number of materials: 2
Number of cameras: 4
Number of lights: 0
Number of joints: 0
Number of nurbSurfices: 1
Number of animation curves: 0
Number of skins: 0
Number of morph animations: 0

Material type: 0
Normal depth: 0
Specular: 0 0 0
Specular factor: 0
Shininess: 0
Reflection: 0 0 0
Reflection factor: 0
Ambient: 0 0 0
Diffuse: 0.5 0.5 0.5
Diffuse factor: 0.8
Transparency color: 0 0 0
Incandescence: 0 0 0

lambert1
Material type: 1
Normal depth: 0
Specular: 0.5 0.5 0.5
Specular factor: 0.3
Shininess: 0.7
Reflection: 0 0 0
Reflection factor: 0.5
Ambient: 0 0 0
Diffuse: 0 0 0
Diffuse factor: 0.8
Transparency color: 0 0 0
Incandescence: 0 0 0

Comet
Comet.dds
Transform name length: 21
ParentID: -1
Position: 0 0 0.707107
Rotation: 0.707107 0 0 0.707107
Scale: 12 12 1

groundPlane_transform
Transform name length: 5
ParentID: -1
Position: -1.25408 0.985552 0.116504
Rotation: 0.116504 0.86697 0.23993 -0.420978
Scale: 1 1 1

persp
Transform name length: 3
ParentID: -1
Position: 0 100.1 -0.707107
Rotation: -0.707107 0 0 0.707107
Scale: 1 1 1

top
Transform name length: 5
ParentID: -1
Position: 0 0 0
Rotation: 0 0 0 1
Scale: 1 1 1

front
Transform name length: 4
ParentID: -1
Position: 100.1 0 0
Rotation: 0 0.707107 0 0.707107
Scale: 1 1 1

side
Transform name length: 6
ParentID: -1
Position: 0 0 0
Rotation: 0 0 0 1
Scale: 1 1 1

pCube1
Transform name length: 12
ParentID: -1
Position: 0 0 0
Rotation: 0 0 0 1
Scale: 1 1 1

nurbsSphere1
Camera name length: 10
Number of parents: 1
CAMERA
Position: 0 0 0
Up Vector: 0 1 0
Intrest position: 0 0 -1
FOV X: 0.950022
FOV Y: 0.660595
Near Plane: 0.1
Far Plane: 10000
Projection type: 0

1
perspShape
Camera name length: 8
Number of parents: 1
CAMERA
Position: 0 0 0
Up Vector: 0 1 0
Intrest position: 0 0 -1
FOV X: 0.950022
FOV Y: 0.660595
Near Plane: 0.1
Far Plane: 10000
Projection type: 1

2
topShape
Camera name length: 10
Number of parents: 1
CAMERA
Position: 0 0 0
Up Vector: 0 1 0
Intrest position: 0 0 -1
FOV X: 0.950022
FOV Y: 0.660595
Near Plane: 0.1
Far Plane: 10000
Projection type: 1

3
frontShape
Camera name length: 9
Number of parents: 1
CAMERA
Position: 0 0 0
Up Vector: 0 1 0
Intrest position: 0 0 -1
FOV X: 0.950022
FOV Y: 0.660595
Near Plane: 0.1
Far Plane: 10000
Projection type: 1

4
sideShape
NURB
 Nurb name lengtht: 17
 Number of nurbs: 1
Radius: 0.5

6
nurbsSphereShape1
Name Length: 11
Vertex Count: 56
Indices Count: 324
Position Count: 56
Uv Count: 66
Normal Count: 56
tangent Count: 324
bi-Tangent Count: 324
Material Count: 1
Transform Count: 1
Transform id: 

-0.349996
-0.291575
0.12667
-0.14651
-0.397954
0.235819
0.0405148
-0.40382
0.284369
0.320151
-0.304142
0.273821
-0.395842
-0.0832724
0.142373
-0.152758
-0.18369
0.348058
0.0451113
-0.116146
0.466168
0.309123
-0.0629063
0.335976
-0.325475
0.0969703
0.184697
-0.0861311
0.0160944
0.40655
0.0612826
0.0477894
0.476199
0.286027
0.0730778
0.352054
-0.265242
0.330749
0.224321
-0.0751216
0.320823
0.293329
0.0808726
0.288141
0.323132
0.275723
0.289925
0.318013
-0.210496
0.286166
0.0432961
-0.0678061
0.386759
0.0721338
0.0211013
0.410342
0.101113
0.208961
0.328724
0.124103
-0.188186
0.270116
-0.0381227
-0.0691142
0.391901
-0.0276286
0.00139381
0.463457
-0.037199
0.173573
0.387205
-0.0637689
-0.15726
0.173048
-0.231849
-0.0463948
0.18912
-0.201394
0.00801218
0.292105
-0.252696
0.155833
0.363665
-0.322444
-0.202491
0.0600829
-0.330467
-0.0488372
0.0734641
-0.335031
0.0385299
0.0967599
-0.332602
0.263159
0.0771464
-0.273435
-0.277766
0.0069301
-0.384615
-0.0403877
-0.00481965
-0.507757
0.144505
-0.0669795
-0.388328
0.329139
-0.0896065
-0.211942
-0.263628
-0.220889
-0.370241
0.011744
-0.272545
-0.279417
0.133105
-0.37513
-0.231094
0.303996
-0.370459
-0.199767
-0.286341
-0.245642
-0.114402
-0.0134491
-0.264205
-0.0387678
0.143404
-0.455865
-0.0284936
0.332079
-0.386656
-0.00113553
-0.33325
-0.235851
-0.0124626
-0.0994953
-0.340705
0.0900984
0.0953326
-0.429338
0.0860487
0.31575
-0.33926
0.0898308
0.441363
-0.0967041
-0.0394924
0.446333
-0.0536018
0.147298
0.29675
0.069814
-0.0513982
0.379686
0.0567557
0.108481
-0.408421
-0.00191021
-0.132891
-0.464178
-0.0281924
-0.00496937
-0.336761
0.0982446
-0.0998573
-0.36633
0.0863143
0.0147397
0.254467
0.487151
0.33551
0.400103
0.371169
0.51932
0.279316
0.603666
0.408734
0.381661
0.456683
0.533417
0.522243
0.414504
0.565644
0.511505
0.438769
0.609104
0.347623
0.689155
0.496818
0.592627
0.584275
0.566134
0.531836
0.743487
0.4473
0.77001
0.578709
0.699147
0.630268
0.640947
0.552166
0.847144
0.408743
0.824294
0.662326
0.797972
0.701795
0.678384
0.476522
0.901358
0.370675
0.847757
0.888232
0.804342
0.838624
0.829286
0.821722
0.749403
0.887675
0.746988
0.791966
0.665827
0.265378
0.935077
0.233691
0.871431
0.931928
0.570199
0.993673
0.545337
0.876573
0.552517
0.147829
0.922352
0.137057
0.831357
0.930611
0.403148
0.974043
0.381429
0.819185
0.42669
0.0412847
0.934811
0.0869864
0.781772
0.82407
0.303466
0.907358
0.228531
0.747245
0.376668
0.895906
0.0614513
0.674285
0.185842
0.758295
0.0563157
0.630849
0.22746
0.632607
0.291584
0.48181
0.172603
0.587389
0.0219525
0.513584
0.268696
0.574032
0.332029
0.135987
0.507632
0.209873
0.289468
0.311668
0.311941
0.191035
0.509056
0.447899
0.292229
0.55077
0.358298
0.683898
0.422181
0.640103
0.471646
0.7445
0.498849
0.678478
0.517473
0.0188511
0.636302
0.191477
0.685719
0.235343
0.650854
0.244624
0.751639
0.282909
0.719127
-0.391921
-0.812581
0.431405
-0.534155
-0.2555
0.805853
-0.747429
-0.594559
0.296394
-0.81863
-0.0776799
0.569044
0.0372304
-0.784003
0.619639
0.0597055
-0.33041
0.941947
0.590098
-0.55129
0.5898
0.663347
-0.0690014
0.745124
-0.767533
0.257921
0.58683
-0.556223
0.181865
0.810889
0.0790785
0.300477
0.950505
0.685038
0.19502
0.701919
-0.287457
0.569674
0.769961
-0.694235
0.54128
0.474398
0.0842034
0.651631
0.753848
0.650057
0.600057
0.466216
-0.376011
0.919063
0.118066
-0.740589
0.622589
-0.252807
0.160633
0.926368
0.340646
0.694553
0.719059
0.0234488
-0.66814
0.621917
-0.408422
-0.581281
0.661372
-0.474025
0.0197678
0.953127
-0.301923
0.722232
0.675986
-0.146371
-0.528825
0.564044
-0.634192
-0.361526
0.761188
-0.538416
-0.581731
0.566507
-0.58366
0.536895
0.613444
-0.579164
-0.147921
0.835367
-0.529416
-0.397365
0.766743
-0.504189
0.123968
0.380647
-0.916373
0.799844
0.254534
-0.543564
-0.691031
0.249685
-0.678331
0.0916448
-0.0757091
-0.992909
0.499473
-0.194863
-0.84413
0.773839
-0.0252343
-0.63288
-0.440494
-0.673232
-0.593906
-0.0715631
-0.839761
-0.538219
-0.0789911
-0.713118
-0.696579
0.602866
-0.492552
-0.627651
-0.512441
-0.841991
-0.168686
-0.30186
-0.919344
-0.252364
-0.251721
-0.962857
-0.0976869
0.761244
-0.646636
0.0486775
-0.191045
-0.898382
-0.395488
-0.691682
-0.68349
-0.233277
-0.075472
-0.996548
0.034578
0.724747
-0.657329
0.206542
0.967555
-0.00761182
-0.252546
0.960633
-0.0148634
0.277421
0.860933
0.45083
-0.235683
0.874605
0.482056
-0.051851
-0.925781
0.0058603
-0.378015
-0.996794
-0.0798678
-0.00482737
-0.675383
0.653917
-0.340954
-0.814479
0.572666
0.0931551
0.806395
-0.0776931
0.586251
0.793814
0.17626
0.582059
0.400927
-0.0479458
0.914855
0.400927
-0.0479458
0.914855
0.793814
0.17626
0.582059
0.555284
0.145937
0.818756
0.806395
-0.0776931
0.586251
0.987429
0.124178
0.0977886
0.793814
0.17626
0.582059
0.793814
0.17626
0.582059
0.987429
0.124178
0.0977886
0.95211
0.302321
0.0456967
0.987429
0.124178
0.0977886
0.802075
0.317096
-0.506088
0.95211
0.302321
0.0456967
0.95211
0.302321
0.0456967
0.802075
0.317096
-0.506088
0.700854
0.406248
-0.586315
0.555284
0.145937
0.818756
0.793814
0.17626
0.582059
0.639466
0.37157
0.673067
0.639466
0.37157
0.673067
0.793814
0.17626
0.582059
0.805749
0.356883
0.472656
0.793814
0.17626
0.582059
0.95211
0.302321
0.0456967
0.805749
0.356883
0.472656
0.805749
0.356883
0.472656
0.95211
0.302321
0.0456967
0.903322
0.381667
-0.195807
0.95211
0.302321
0.0456967
0.700854
0.406248
-0.586315
0.903322
0.381667
-0.195807
0.903322
0.381667
-0.195807
0.700854
0.406248
-0.586315
0.571844
0.452996
-0.683951
0.805749
0.356883
0.472656
0.922711
0.380291
0.0631169
0.639466
0.37157
0.673067
0.639466
0.37157
0.673067
0.922711
0.380291
0.0631169
0.718508
0.482515
0.500925
0.903322
0.381667
-0.195807
0.802008
0.40465
-0.439365
0.805749
0.356883
0.472656
0.805749
0.356883
0.472656
0.802008
0.40465
-0.439365
0.922711
0.380291
0.0631169
0.903322
0.381667
-0.195807
0.571844
0.452996
-0.683951
0.802008
0.40465
-0.439365
0.802008
0.40465
-0.439365
0.571844
0.452996
-0.683951
0.334236
0.325209
-0.884605
0.922711
0.380291
0.0631169
0.924589
0.363708
0.11337
0.718508
0.482515
0.500925
0.718508
0.482515
0.500925
0.924589
0.363708
0.11337
0.307701
0.648673
0.696092
0.802008
0.40465
-0.439365
0.266344
0.291641
-0.918698
0.922711
0.380291
0.0631169
0.922711
0.380291
0.0631169
0.266344
0.291641
-0.918698
0.924589
0.363708
0.11337
0.334236
0.325209
-0.884605
-0.132317
0.159709
-0.978256
0.802008
0.40465
-0.439365
0.802008
0.40465
-0.439365
-0.132317
0.159709
-0.978256
0.266344
0.291641
-0.918698
0.924589
0.363708
0.11337
0.363387
0.751766
0.550271
0.307701
0.648673
0.696092
0.307701
0.648673
0.696092
0.363387
0.751766
0.550271
0.0776511
0.624981
0.776768
-0.929864
0.0262995
0.366963
-0.968614
-0.0565835
-0.242044
-0.902987
-0.392026
0.175867
-0.902987
-0.392026
0.175867
-0.968614
-0.0565835
-0.242044
-0.737301
-0.62711
0.251236
-0.132317
0.159709
-0.978256
-0.565494
0.455271
-0.68771
0.266344
0.291641
-0.918698
0.266344
0.291641
-0.918698
-0.565494
0.455271
-0.68771
-0.968614
-0.0565835
-0.242044
0.363387
0.751766
0.550271
-0.0334775
0.732779
0.679642
0.0776511
0.624981
0.776768
0.0776511
0.624981
0.776768
-0.0334775
0.732779
0.679642
-0.0461725
0.56215
0.825745
-0.968614
-0.0565835
-0.242044
-0.79284
-0.555179
0.251357
-0.737301
-0.62711
0.251236
-0.737301
-0.62711
0.251236
-0.79284
-0.555179
0.251357
-0.847297
-0.394263
0.355871
-0.968614
-0.0565835
-0.242044
-0.565494
0.455271
-0.68771
-0.79284
-0.555179
0.251357
-0.79284
-0.555179
0.251357
-0.565494
0.455271
-0.68771
-0.82611
0.243024
-0.50841
-0.0334775
0.732779
0.679642
-0.0656693
0.525827
0.848053
-0.0461725
0.56215
0.825745
-0.0461725
0.56215
0.825745
-0.0656693
0.525827
0.848053
-0.0843036
0.516603
0.852064
-0.79284
-0.555179
0.251357
-0.990418
-0.00917646
-0.137796
-0.847297
-0.394263
0.355871
-0.847297
-0.394263
0.355871
-0.990418
-0.00917646
-0.137796
-0.982437
-0.0625506
0.175799
-0.79284
-0.555179
0.251357
-0.82611
0.243024
-0.50841
-0.990418
-0.00917646
-0.137796
-0.990418
-0.00917646
-0.137796
-0.82611
0.243024
-0.50841
-0.588336
0.511719
-0.626103
-0.0843036
0.516603
0.852064
-0.0656693
0.525827
0.848053
-0.434276
0.606777
0.665753
-0.434276
0.606777
0.665753
-0.0656693
0.525827
0.848053
0.374036
0.92671
-0.0361379
-0.982437
-0.0625506
0.175799
-0.990418
-0.00917646
-0.137796
-0.666945
0.735758
-0.11766
-0.666945
0.735758
-0.11766
-0.990418
-0.00917646
-0.137796
-0.60456
0.6195
-0.500727
-0.990418
-0.00917646
-0.137796
-0.588336
0.511719
-0.626103
-0.60456
0.6195
-0.500727
-0.60456
0.6195
-0.500727
-0.588336
0.511719
-0.626103
-0.482453
0.623922
-0.614785
0.153821
0.967747
0.199514
-0.666945
0.735758
-0.11766
-0.235102
0.724964
-0.647422
-0.235102
0.724964
-0.647422
-0.666945
0.735758
-0.11766
-0.221421
0.539514
-0.812341
-0.666945
0.735758
-0.11766
-0.60456
0.6195
-0.500727
-0.221421
0.539514
-0.812341
-0.221421
0.539514
-0.812341
-0.60456
0.6195
-0.500727
-0.0948135
0.700969
-0.706861
-0.60456
0.6195
-0.500727
-0.482453
0.623922
-0.614785
-0.0948135
0.700969
-0.706861
-0.0948135
0.700969
-0.706861
-0.482453
0.623922
-0.614785
-0.107091
0.72961
-0.675427
-0.235102
0.724964
-0.647422
-0.221421
0.539514
-0.812341
-0.000152839
0.196527
-0.980498
-0.000152839
0.196527
-0.980498
-0.221421
0.539514
-0.812341
0.524804
0.0607536
-0.849052
-0.221421
0.539514
-0.812341
-0.0948135
0.700969
-0.706861
0.524804
0.0607536
-0.849052
0.524804
0.0607536
-0.849052
-0.0948135
0.700969
-0.706861
0.549447
-0.0590861
-0.833437
-0.0948135
0.700969
-0.706861
-0.107091
0.72961
-0.675427
0.549447
-0.0590861
-0.833437
0.549447
-0.0590861
-0.833437
-0.107091
0.72961
-0.675427
0.35606
0.354068
-0.864787
-0.260492
-0.175102
0.949465
0.410538
-0.439108
0.799152
-0.395154
0.056809
0.916857
-0.395154
0.056809
0.916857
0.410538
-0.439108
0.799152
-0.301586
-0.0201382
0.953226
0.549447
-0.0590861
-0.833437
0.914921
-0.082996
-0.395008
0.524804
0.0607536
-0.849052
0.524804
0.0607536
-0.849052
0.914921
-0.082996
-0.395008
0.410538
-0.439108
0.799152
0.35606
0.354068
-0.864787
0.498421
0.293188
-0.815854
0.549447
-0.0590861
-0.833437
0.549447
-0.0590861
-0.833437
0.498421
0.293188
-0.815854
0.914921
-0.082996
-0.395008
-0.301586
-0.0201382
0.953226
0.410538
-0.439108
0.799152
0.400927
-0.0479458
0.914855
0.400927
-0.0479458
0.914855
0.410538
-0.439108
0.799152
0.806395
-0.0776931
0.586251
0.914921
-0.082996
-0.395008
0.987429
0.124178
0.0977886
0.410538
-0.439108
0.799152
0.410538
-0.439108
0.799152
0.987429
0.124178
0.0977886
0.806395
-0.0776931
0.586251
0.498421
0.293188
-0.815854
0.802075
0.317096
-0.506088
0.914921
-0.082996
-0.395008
0.914921
-0.082996
-0.395008
0.802075
0.317096
-0.506088
0.987429
0.124178
0.0977886
0.35606
0.354068
-0.864787
-0.107091
0.72961
-0.675427
-0.222617
0.447048
-0.866366
-0.222617
0.447048
-0.866366
-0.107091
0.72961
-0.675427
-0.482453
0.623922
-0.614785
0.35606
0.354068
-0.864787
-0.222617
0.447048
-0.866366
0.498421
0.293188
-0.815854
0.498421
0.293188
-0.815854
-0.222617
0.447048
-0.866366
0.254678
0.446108
-0.857978
0.498421
0.293188
-0.815854
0.254678
0.446108
-0.857978
0.802075
0.317096
-0.506088
0.802075
0.317096
-0.506088
0.254678
0.446108
-0.857978
0.700854
0.406248
-0.586315
-0.222617
0.447048
-0.866366
-0.482453
0.623922
-0.614785
-0.43418
0.409743
-0.802246
-0.43418
0.409743
-0.802246
-0.482453
0.623922
-0.614785
-0.588336
0.511719
-0.626103
0.254678
0.446108
-0.857978
-0.222617
0.447048
-0.866366
-0.191935
0.24604
-0.950066
-0.191935
0.24604
-0.950066
-0.222617
0.447048
-0.866366
-0.43418
0.409743
-0.802246
0.254678
0.446108
-0.857978
-0.191935
0.24604
-0.950066
0.700854
0.406248
-0.586315
0.700854
0.406248
-0.586315
-0.191935
0.24604
-0.950066
0.571844
0.452996
-0.683951
-0.43418
0.409743
-0.802246
-0.588336
0.511719
-0.626103
-0.565494
0.455271
-0.68771
-0.565494
0.455271
-0.68771
-0.588336
0.511719
-0.626103
-0.82611
0.243024
-0.50841
-0.191935
0.24604
-0.950066
-0.43418
0.409743
-0.802246
-0.132317
0.159709
-0.978256
-0.132317
0.159709
-0.978256
-0.43418
0.409743
-0.802246
-0.565494
0.455271
-0.68771
0.571844
0.452996
-0.683951
-0.191935
0.24604
-0.950066
0.334236
0.325209
-0.884605
0.334236
0.325209
-0.884605
-0.191935
0.24604
-0.950066
-0.132317
0.159709
-0.978256
-0.395154
0.056809
0.916857
-0.356649
0.318185
0.878385
-0.842919
0.0824869
0.531679
-0.842919
0.0824869
0.531679
-0.356649
0.318185
0.878385
-0.434276
0.606777
0.665753
-0.395154
0.056809
0.916857
-0.301586
-0.0201382
0.953226
-0.356649
0.318185
0.878385
-0.356649
0.318185
0.878385
-0.301586
-0.0201382
0.953226
-0.0173261
0.156552
0.987518
0.400927
-0.0479458
0.914855
0.555284
0.145937
0.818756
-0.301586
-0.0201382
0.953226
-0.301586
-0.0201382
0.953226
0.555284
0.145937
0.818756
-0.0173261
0.156552
0.987518
-0.434276
0.606777
0.665753
-0.356649
0.318185
0.878385
-0.0843036
0.516603
0.852064
-0.0843036
0.516603
0.852064
-0.356649
0.318185
0.878385
-0.0156429
0.449525
0.893131
-0.0173261
0.156552
0.987518
0.301868
0.28115
0.91095
-0.356649
0.318185
0.878385
-0.356649
0.318185
0.878385
0.301868
0.28115
0.91095
-0.0156429
0.449525
0.893131
-0.0173261
0.156552
0.987518
0.555284
0.145937
0.818756
0.301868
0.28115
0.91095
0.301868
0.28115
0.91095
0.555284
0.145937
0.818756
0.639466
0.37157
0.673067
-0.0843036
0.516603
0.852064
-0.0156429
0.449525
0.893131
-0.0461725
0.56215
0.825745
-0.0461725
0.56215
0.825745
-0.0156429
0.449525
0.893131
0.0776511
0.624981
0.776768
-0.0156429
0.449525
0.893131
0.301868
0.28115
0.91095
0.0776511
0.624981
0.776768
0.0776511
0.624981
0.776768
0.301868
0.28115
0.91095
0.307701
0.648673
0.696092
0.301868
0.28115
0.91095
0.639466
0.37157
0.673067
0.307701
0.648673
0.696092
0.307701
0.648673
0.696092
0.639466
0.37157
0.673067
0.718508
0.482515
0.500925
-0.442859
0.577647
0.685711
-0.290755
0.950606
0.108669
-0.529724
0.802621
0.274211
-0.529724
0.802621
0.274211
-0.290755
0.950606
0.108669
-0.146646
0.986239
-0.0763342
-0.442859
0.577647
0.685711
-0.153612
0.608209
0.778771
-0.290755
0.950606
0.108669
-0.290755
0.950606
0.108669
-0.153612
0.608209
0.778771
-0.299869
0.894109
0.332637
-0.153612
0.608209
0.778771
0.0919778
0.771706
0.629294
-0.299869
0.894109
0.332637
-0.299869
0.894109
0.332637
0.0919778
0.771706
0.629294
-0.262249
0.911154
0.317843
-0.146646
0.986239
-0.0763342
-0.290755
0.950606
0.108669
-0.044451
0.891859
-0.450124
-0.044451
0.891859
-0.450124
-0.290755
0.950606
0.108669
-0.203433
0.916275
-0.345044
-0.290755
0.950606
0.108669
-0.299869
0.894109
0.332637
-0.203433
0.916275
-0.345044
-0.203433
0.916275
-0.345044
-0.299869
0.894109
0.332637
-0.421612
0.874096
-0.241246
-0.299869
0.894109
0.332637
-0.262249
0.911154
0.317843
-0.421612
0.874096
-0.241246
-0.421612
0.874096
-0.241246
-0.262249
0.911154
0.317843
-0.451351
0.869921
0.198798
-0.203433
0.916275
-0.345044
-0.256853
0.728595
-0.634962
-0.044451
0.891859
-0.450124
-0.044451
0.891859
-0.450124
-0.256853
0.728595
-0.634962
0.042237
0.688618
-0.723893
-0.421612
0.874096
-0.241246
-0.591349
0.641588
-0.48854
-0.203433
0.916275
-0.345044
-0.203433
0.916275
-0.345044
-0.591349
0.641588
-0.48854
-0.256853
0.728595
-0.634962
-0.421612
0.874096
-0.241246
-0.451351
0.869921
0.198798
-0.591349
0.641588
-0.48854
-0.591349
0.641588
-0.48854
-0.451351
0.869921
0.198798
-0.682431
0.73087
0.0108437
-0.256853
0.728595
-0.634962
0.0612523
0.151791
-0.986513
0.042237
0.688618
-0.723893
0.042237
0.688618
-0.723893
0.0612523
0.151791
-0.986513
0.597368
0.437729
-0.671971
-0.591349
0.641588
-0.48854
-0.950399
0.238303
-0.199886
-0.256853
0.728595
-0.634962
-0.256853
0.728595
-0.634962
-0.950399
0.238303
-0.199886
0.0612523
0.151791
-0.986513
-0.682431
0.73087
0.0108437
-0.707169
0.676348
0.20607
-0.591349
0.641588
-0.48854
-0.591349
0.641588
-0.48854
-0.707169
0.676348
0.20607
-0.950399
0.238303
-0.199886
0.0612523
0.151791
-0.986513
0.64926
0.219243
-0.728281
0.597368
0.437729
-0.671971
0.597368
0.437729
-0.671971
0.64926
0.219243
-0.728281
0.809989
0.414712
-0.414646
0.330984
-0.3757
0.865621
-0.247782
0.297232
0.922094
0.207918
-0.0404845
0.977308
0.207918
-0.0404845
0.977308
-0.247782
0.297232
0.922094
-0.0998775
0.468991
0.877538
-0.707169
0.676348
0.20607
-0.398243
0.579458
0.711077
-0.950399
0.238303
-0.199886
-0.950399
0.238303
-0.199886
-0.398243
0.579458
0.711077
-0.247782
0.297232
0.922094
0.64926
0.219243
-0.728281
0.848071
0.380643
-0.368629
0.809989
0.414712
-0.414646
0.809989
0.414712
-0.414646
0.848071
0.380643
-0.368629
0.931218
0.323389
-0.168086
-0.247782
0.297232
0.922094
-0.18164
0.608971
0.772115
-0.0998775
0.468991
0.877538
-0.0998775
0.468991
0.877538
-0.18164
0.608971
0.772115
-0.0493115
0.725542
0.686409
-0.247782
0.297232
0.922094
-0.398243
0.579458
0.711077
-0.18164
0.608971
0.772115
-0.18164
0.608971
0.772115
-0.398243
0.579458
0.711077
-0.17113
0.751416
0.637251
0.848071
0.380643
-0.368629
0.986817
0.160211
-0.022923
0.931218
0.323389
-0.168086
0.931218
0.323389
-0.168086
0.986817
0.160211
-0.022923
0.91378
0.381086
-0.140641
-0.18164
0.608971
0.772115
-0.0608608
0.924675
0.375862
-0.0493115
0.725542
0.686409
-0.0493115
0.725542
0.686409
-0.0608608
0.924675
0.375862
0.113741
0.546122
0.829948
-0.18164
0.608971
0.772115
-0.17113
0.751416
0.637251
-0.0608608
0.924675
0.375862
-0.0608608
0.924675
0.375862
-0.17113
0.751416
0.637251
0.118788
0.820583
0.559047
0.91378
0.381086
-0.140641
0.986817
0.160211
-0.022923
0.577824
0.754639
-0.31087
0.577824
0.754639
-0.31087
0.986817
0.160211
-0.022923
0.922875
-0.368072
0.113246
0.113741
0.546122
0.829948
-0.0608608
0.924675
0.375862
0.73945
0.672999
0.0169346
0.73945
0.672999
0.0169346
-0.0608608
0.924675
0.375862
0.620511
0.760427
0.191617
-0.0608608
0.924675
0.375862
0.118788
0.820583
0.559047
0.620511
0.760427
0.191617
0.620511
0.760427
0.191617
0.118788
0.820583
0.559047
0.410381
0.781079
0.47064
0.706268
0.0335284
-0.70715
0.73945
0.672999
0.0169346
0.866425
-0.145556
-0.47762
0.866425
-0.145556
-0.47762
0.73945
0.672999
0.0169346
0.972549
0.0610393
-0.22455
0.73945
0.672999
0.0169346
0.620511
0.760427
0.191617
0.972549
0.0610393
-0.22455
0.972549
0.0610393
-0.22455
0.620511
0.760427
0.191617
0.992356
0.0102094
-0.122984
0.620511
0.760427
0.191617
0.410381
0.781079
0.47064
0.992356
0.0102094
-0.122984
0.992356
0.0102094
-0.122984
0.410381
0.781079
0.47064
0.790623
0.474408
0.387109
0.866425
-0.145556
-0.47762
0.972549
0.0610393
-0.22455
0.858722
-0.502422
-0.100837
0.858722
-0.502422
-0.100837
0.972549
0.0610393
-0.22455
0.795903
-0.388737
0.464136
0.972549
0.0610393
-0.22455
0.992356
0.0102094
-0.122984
0.795903
-0.388737
0.464136
0.795903
-0.388737
0.464136
0.992356
0.0102094
-0.122984
0.796709
-0.263467
0.543912
0.992356
0.0102094
-0.122984
0.790623
0.474408
0.387109
0.796709
-0.263467
0.543912
0.796709
-0.263467
0.543912
0.790623
0.474408
0.387109
0.541968
0.675646
0.499773
-0.917074
0.352344
-0.186625
-0.891606
-0.00968872
0.452709
-0.762403
0.536492
-0.361827
-0.762403
0.536492
-0.361827
-0.891606
-0.00968872
0.452709
-0.656218
0.729682
-0.192202
0.796709
-0.263467
0.543912
0.396515
0.00182405
0.918027
0.795903
-0.388737
0.464136
0.795903
-0.388737
0.464136
0.396515
0.00182405
0.918027
-0.891606
-0.00968872
0.452709
0.541968
0.675646
0.499773
0.475729
0.694233
0.540114
0.796709
-0.263467
0.543912
0.796709
-0.263467
0.543912
0.475729
0.694233
0.540114
0.396515
0.00182405
0.918027
-0.656218
0.729682
-0.192202
-0.891606
-0.00968872
0.452709
-0.529724
0.802621
0.274211
-0.529724
0.802621
0.274211
-0.891606
-0.00968872
0.452709
-0.442859
0.577647
0.685711
0.396515
0.00182405
0.918027
-0.153612
0.608209
0.778771
-0.891606
-0.00968872
0.452709
-0.891606
-0.00968872
0.452709
-0.153612
0.608209
0.778771
-0.442859
0.577647
0.685711
0.475729
0.694233
0.540114
0.0919778
0.771706
0.629294
0.396515
0.00182405
0.918027
0.396515
0.00182405
0.918027
0.0919778
0.771706
0.629294
-0.153612
0.608209
0.778771
0.541968
0.675646
0.499773
0.790623
0.474408
0.387109
0.119495
0.894478
0.430849
0.119495
0.894478
0.430849
0.790623
0.474408
0.387109
0.410381
0.781079
0.47064
0.541968
0.675646
0.499773
0.119495
0.894478
0.430849
0.475729
0.694233
0.540114
0.475729
0.694233
0.540114
0.119495
0.894478
0.430849
-0.111007
0.894856
0.432332
0.475729
0.694233
0.540114
-0.111007
0.894856
0.432332
0.0919778
0.771706
0.629294
0.0919778
0.771706
0.629294
-0.111007
0.894856
0.432332
-0.262249
0.911154
0.317843
0.119495
0.894478
0.430849
0.410381
0.781079
0.47064
-0.265107
0.793009
0.548503
-0.265107
0.793009
0.548503
0.410381
0.781079
0.47064
0.118788
0.820583
0.559047
-0.111007
0.894856
0.432332
0.119495
0.894478
0.430849
-0.445228
0.840884
0.307711
-0.445228
0.840884
0.307711
0.119495
0.894478
0.430849
-0.265107
0.793009
0.548503
-0.111007
0.894856
0.432332
-0.445228
0.840884
0.307711
-0.262249
0.911154
0.317843
-0.262249
0.911154
0.317843
-0.445228
0.840884
0.307711
-0.451351
0.869921
0.198798
-0.265107
0.793009
0.548503
0.118788
0.820583
0.559047
-0.398243
0.579458
0.711077
-0.398243
0.579458
0.711077
0.118788
0.820583
0.559047
-0.17113
0.751416
0.637251
-0.445228
0.840884
0.307711
-0.265107
0.793009
0.548503
-0.707169
0.676348
0.20607
-0.707169
0.676348
0.20607
-0.265107
0.793009
0.548503
-0.398243
0.579458
0.711077
-0.451351
0.869921
0.198798
-0.445228
0.840884
0.307711
-0.682431
0.73087
0.0108437
-0.682431
0.73087
0.0108437
-0.445228
0.840884
0.307711
-0.707169
0.676348
0.20607
-0.762403
0.536492
-0.361827
0.125426
0.948011
-0.292479
-0.308954
0.734816
-0.603815
-0.308954
0.734816
-0.603815
0.125426
0.948011
-0.292479
0.577824
0.754639
-0.31087
-0.762403
0.536492
-0.361827
-0.656218
0.729682
-0.192202
0.125426
0.948011
-0.292479
0.125426
0.948011
-0.292479
-0.656218
0.729682
-0.192202
-0.0781151
0.984435
-0.157434
-0.529724
0.802621
0.274211
-0.146646
0.986239
-0.0763342
-0.656218
0.729682
-0.192202
-0.656218
0.729682
-0.192202
-0.146646
0.986239
-0.0763342
-0.0781151
0.984435
-0.157434
0.577824
0.754639
-0.31087
0.125426
0.948011
-0.292479
0.91378
0.381086
-0.140641
0.91378
0.381086
-0.140641
0.125426
0.948011
-0.292479
0.737301
0.608539
-0.293372
-0.0781151
0.984435
-0.157434
0.49548
0.77007
-0.401861
0.125426
0.948011
-0.292479
0.125426
0.948011
-0.292479
0.49548
0.77007
-0.401861
0.737301
0.608539
-0.293372
-0.0781151
0.984435
-0.157434
-0.146646
0.986239
-0.0763342
0.49548
0.77007
-0.401861
0.49548
0.77007
-0.401861
-0.146646
0.986239
-0.0763342
-0.044451
0.891859
-0.450124
0.91378
0.381086
-0.140641
0.737301
0.608539
-0.293372
0.931218
0.323389
-0.168086
0.931218
0.323389
-0.168086
0.737301
0.608539
-0.293372
0.809989
0.414712
-0.414646
0.737301
0.608539
-0.293372
0.49548
0.77007
-0.401861
0.809989
0.414712
-0.414646
0.809989
0.414712
-0.414646
0.49548
0.77007
-0.401861
0.597368
0.437729
-0.671971
0.49548
0.77007
-0.401861
-0.044451
0.891859
-0.450124
0.597368
0.437729
-0.671971
0.597368
0.437729
-0.671971
-0.044451
0.891859
-0.450124
0.042237
0.688618
-0.723893
5
0
1 / 1 / 0
5 / 2 / 1
0 / 0 / 2
0 / 0 / 2
5 / 2 / 1
4 / 3 / 3
1 / 1 / 0
2 / 4 / 4
5 / 2 / 1
5 / 2 / 1
2 / 4 / 4
6 / 5 / 5
2 / 4 / 4
3 / 6 / 6
6 / 5 / 5
6 / 5 / 5
3 / 6 / 6
7 / 7 / 7
4 / 3 / 3
5 / 2 / 1
8 / 9 / 8
8 / 9 / 8
5 / 2 / 1
9 / 8 / 9
5 / 2 / 1
6 / 5 / 5
9 / 8 / 9
9 / 8 / 9
6 / 5 / 5
10 / 10 / 10
6 / 5 / 5
7 / 7 / 7
10 / 10 / 10
10 / 10 / 10
7 / 7 / 7
11 / 11 / 11
9 / 8 / 9
13 / 12 / 12
8 / 9 / 8
8 / 9 / 8
13 / 12 / 12
12 / 13 / 13
10 / 10 / 10
14 / 14 / 14
9 / 8 / 9
9 / 8 / 9
14 / 14 / 14
13 / 12 / 12
10 / 10 / 10
11 / 11 / 11
14 / 14 / 14
14 / 14 / 14
11 / 11 / 11
15 / 15 / 15
13 / 12 / 12
17 / 16 / 16
12 / 13 / 13
12 / 13 / 13
17 / 16 / 16
16 / 17 / 17
14 / 14 / 14
18 / 18 / 18
13 / 12 / 12
13 / 12 / 12
18 / 18 / 18
17 / 16 / 16
15 / 15 / 15
19 / 19 / 19
14 / 14 / 14
14 / 14 / 14
19 / 19 / 19
18 / 18 / 18
17 / 16 / 16
21 / 20 / 20
16 / 17 / 17
16 / 17 / 17
21 / 20 / 20
20 / 21 / 21
18 / 23 / 18
22 / 24 / 22
17 / 22 / 16
17 / 22 / 16
22 / 24 / 22
21 / 25 / 20
19 / 19 / 19
23 / 26 / 23
18 / 18 / 18
18 / 18 / 18
23 / 26 / 23
22 / 24 / 22
21 / 20 / 20
25 / 27 / 24
20 / 21 / 21
20 / 21 / 21
25 / 27 / 24
24 / 28 / 25
22 / 24 / 22
26 / 29 / 26
21 / 25 / 20
21 / 25 / 20
26 / 29 / 26
25 / 30 / 24
22 / 24 / 22
23 / 26 / 23
26 / 29 / 26
26 / 29 / 26
23 / 26 / 23
27 / 31 / 27
25 / 27 / 24
29 / 32 / 28
24 / 28 / 25
24 / 28 / 25
29 / 32 / 28
28 / 33 / 29
26 / 29 / 26
30 / 34 / 30
25 / 30 / 24
25 / 30 / 24
30 / 34 / 30
29 / 35 / 28
26 / 29 / 26
27 / 31 / 27
30 / 34 / 30
30 / 34 / 30
27 / 31 / 27
31 / 36 / 31
28 / 33 / 29
29 / 32 / 28
32 / 38 / 32
32 / 38 / 32
29 / 32 / 28
33 / 37 / 33
29 / 35 / 28
30 / 34 / 30
33 / 40 / 33
33 / 40 / 33
30 / 34 / 30
34 / 39 / 34
30 / 34 / 30
31 / 36 / 31
34 / 39 / 34
34 / 39 / 34
31 / 36 / 31
35 / 41 / 35
32 / 42 / 32
33 / 40 / 33
36 / 44 / 36
36 / 44 / 36
33 / 40 / 33
37 / 43 / 37
33 / 40 / 33
34 / 39 / 34
37 / 43 / 37
37 / 43 / 37
34 / 39 / 34
38 / 45 / 38
34 / 39 / 34
35 / 41 / 35
38 / 45 / 38
38 / 45 / 38
35 / 41 / 35
39 / 46 / 39
36 / 44 / 36
37 / 43 / 37
40 / 48 / 40
40 / 48 / 40
37 / 43 / 37
41 / 47 / 41
37 / 43 / 37
38 / 45 / 38
41 / 47 / 41
41 / 47 / 41
38 / 45 / 38
42 / 49 / 42
38 / 45 / 38
39 / 46 / 39
42 / 49 / 42
42 / 49 / 42
39 / 46 / 39
43 / 50 / 43
41 / 52 / 41
45 / 53 / 44
40 / 51 / 40
40 / 51 / 40
45 / 53 / 44
44 / 54 / 45
42 / 49 / 42
46 / 55 / 46
41 / 47 / 41
41 / 47 / 41
46 / 55 / 46
45 / 53 / 44
43 / 50 / 43
47 / 56 / 47
42 / 49 / 42
42 / 49 / 42
47 / 56 / 47
46 / 55 / 46
44 / 54 / 45
45 / 53 / 44
0 / 0 / 2
0 / 0 / 2
45 / 53 / 44
1 / 1 / 0
46 / 55 / 46
2 / 4 / 4
45 / 53 / 44
45 / 53 / 44
2 / 4 / 4
1 / 1 / 0
47 / 56 / 47
3 / 6 / 6
46 / 55 / 46
46 / 55 / 46
3 / 6 / 6
2 / 4 / 4
43 / 50 / 43
39 / 46 / 39
48 / 57 / 48
48 / 57 / 48
39 / 46 / 39
35 / 41 / 35
43 / 50 / 43
48 / 57 / 48
47 / 56 / 47
47 / 56 / 47
48 / 57 / 48
49 / 58 / 49
47 / 56 / 47
49 / 58 / 49
3 / 6 / 6
3 / 6 / 6
49 / 58 / 49
7 / 7 / 7
48 / 57 / 48
35 / 41 / 35
50 / 59 / 50
50 / 59 / 50
35 / 41 / 35
31 / 36 / 31
49 / 58 / 49
48 / 57 / 48
51 / 60 / 51
51 / 60 / 51
48 / 57 / 48
50 / 59 / 50
49 / 58 / 49
51 / 60 / 51
7 / 7 / 7
7 / 7 / 7
51 / 60 / 51
11 / 11 / 11
50 / 59 / 50
31 / 36 / 31
23 / 26 / 23
23 / 26 / 23
31 / 36 / 31
27 / 31 / 27
51 / 60 / 51
50 / 59 / 50
19 / 19 / 19
19 / 19 / 19
50 / 59 / 50
23 / 26 / 23
11 / 11 / 11
51 / 60 / 51
15 / 15 / 15
15 / 15 / 15
51 / 60 / 51
19 / 19 / 19
40 / 51 / 40
52 / 62 / 52
36 / 61 / 36
36 / 61 / 36
52 / 62 / 52
32 / 38 / 32
40 / 51 / 40
44 / 54 / 45
52 / 62 / 52
52 / 62 / 52
44 / 54 / 45
53 / 63 / 53
0 / 0 / 2
4 / 3 / 3
44 / 54 / 45
44 / 54 / 45
4 / 3 / 3
53 / 63 / 53
32 / 38 / 32
52 / 62 / 52
28 / 33 / 29
28 / 33 / 29
52 / 62 / 52
54 / 64 / 54
53 / 63 / 53
55 / 65 / 55
52 / 62 / 52
52 / 62 / 52
55 / 65 / 55
54 / 64 / 54
53 / 63 / 53
4 / 3 / 3
55 / 65 / 55
55 / 65 / 55
4 / 3 / 3
8 / 9 / 8
28 / 33 / 29
54 / 64 / 54
24 / 28 / 25
24 / 28 / 25
54 / 64 / 54
20 / 21 / 21
54 / 64 / 54
55 / 65 / 55
20 / 21 / 21
20 / 21 / 21
55 / 65 / 55
16 / 17 / 17
55 / 65 / 55
8 / 9 / 8
16 / 17 / 17
16 / 17 / 17
8 / 9 / 8
12 / 13 / 13
pCubeShape1
