Number of groups: 6
Number of meshes: 1
Number of materials: 1
Number of cameras: 4
Number of lights: 0
Number of joints: 0
Number of nurbSurfices: 0
Number of animation curves: 0
Number of skins: 0
Number of morph animations: 0

Material type: 0
Normal depth: 0
Specular: 0 0 0
Specular factor: 0
Shininess: 0
Reflection: 0 0 0
Reflection factor: 0
Ambient: 0 0 0
Diffuse: 0.5 0.5 0.5
Diffuse factor: 0.8
Transparency color: 0 0 0
Incandescence: 0 0 0

lambert1
Transform name length: 21
ParentID: -1
Position: 0 0 0.707107
Rotation: 0.707107 0 0 0.707107
Scale: 12 12 1

groundPlane_transform
Transform name length: 5
ParentID: -1
Position: -2.67877 3.46551 -0.0343618
Rotation: -0.0343618 0.0017443 5.99727e-005 0.999408
Scale: 1 1 1

persp
Transform name length: 3
ParentID: -1
Position: 0 100.1 -0.707107
Rotation: -0.707107 0 0 0.707107
Scale: 1 1 1

top
Transform name length: 5
ParentID: -1
Position: 0 0 0
Rotation: 0 0 0 1
Scale: 1 1 1

front
Transform name length: 4
ParentID: -1
Position: 100.1 0 0
Rotation: 0 0.707107 0 0.707107
Scale: 1 1 1

side
Transform name length: 8
ParentID: -1
Position: 0 0 0
Rotation: 0 0 0 1
Scale: 1 1 1

pSphere1
Camera name length: 10
Number of parents: 1
CAMERA
Position: 0 0 0
Up Vector: 0 1 0
Intrest position: 0 0 -1
FOV X: 0.950022
FOV Y: 0.660595
Near Plane: 0.1
Far Plane: 10000
Projection type: 0

1
perspShape
Camera name length: 8
Number of parents: 1
CAMERA
Position: 0 0 0
Up Vector: 0 1 0
Intrest position: 0 0 -1
FOV X: 0.950022
FOV Y: 0.660595
Near Plane: 0.1
Far Plane: 10000
Projection type: 1

2
topShape
Camera name length: 10
Number of parents: 1
CAMERA
Position: 0 0 0
Up Vector: 0 1 0
Intrest position: 0 0 -1
FOV X: 0.950022
FOV Y: 0.660595
Near Plane: 0.1
Far Plane: 10000
Projection type: 1

3
frontShape
Camera name length: 9
Number of parents: 1
CAMERA
Position: 0 0 0
Up Vector: 0 1 0
Intrest position: 0 0 -1
FOV X: 0.950022
FOV Y: 0.660595
Near Plane: 0.1
Far Plane: 10000
Projection type: 1

4
sideShape
Name Length: 13
Vertex Count: 92
Indices Count: 540
Position Count: 92
Uv Count: 119
Normal Count: 380
tangent Count: 540
bi-Tangent Count: 540
Material Count: 1
Transform Count: 1
Transform id: 

1.25
-4.75528
-0.908178
0.477457
-4.75528
-1.46946
-0.477458
-4.75528
-1.46946
-1.25
-4.75528
-0.908178
-1.54509
-4.75528
9.20942e-008
-1.25
-4.75528
0.908178
-0.477457
-4.75528
1.46946
0.477458
-4.75528
1.46946
1.25
-4.75528
0.908178
1.54508
-4.75528
0
2.37764
-4.04508
-1.72746
0.908178
-4.04508
-2.79509
-0.908179
-4.04508
-2.79509
-2.37764
-4.04508
-1.72746
-2.93893
-4.04508
1.75174e-007
-2.37764
-4.04508
1.72746
-0.908178
-4.04508
2.79509
0.908178
-4.04508
2.79508
2.37764
-4.04508
1.72746
2.93893
-4.04508
0
3.27254
-2.93893
-2.37764
1.25
-2.93893
-3.84711
-1.25
-2.93893
-3.8471
-3.27254
-2.93893
-2.37764
-4.04509
-2.93893
2.41106e-007
-3.27254
-2.93893
2.37764
-1.25
-2.93893
3.8471
1.25
-2.93893
3.8471
3.27254
-2.93893
2.37764
4.04508
-2.93893
0
3.84711
-1.54508
-2.79509
1.46946
-1.54508
-4.52254
-1.46946
-1.54508
-4.52254
-3.84711
-1.54508
-2.79509
-4.75528
-1.54508
2.83437e-007
-3.84711
-1.54508
2.79509
-1.46946
-1.54508
4.52254
1.46946
-1.54508
4.52254
3.8471
-1.54508
2.79509
4.75528
-1.54508
0
4.04509
0
-2.93893
1.54508
0
-4.75528
-1.54509
0
-4.75528
-4.04509
0
-2.93893
-5
0
2.98023e-007
-4.04509
0
2.93893
-1.54508
0
4.75528
1.54509
0
4.75528
4.04508
0
2.93893
5
0
0
3.84711
1.54508
-2.79509
1.46946
1.54508
-4.52254
-1.46946
1.54508
-4.52254
-3.84711
1.54508
-2.79509
-4.75528
1.54508
2.83437e-007
-3.84711
1.54508
2.79509
-1.46946
1.54508
4.52254
1.46946
1.54508
4.52254
3.8471
1.54508
2.79509
4.75528
1.54508
0
3.27254
2.93893
-2.37764
1.25
2.93893
-3.84711
-1.25
2.93893
-3.8471
-3.27254
2.93893
-2.37764
-4.04509
2.93893
2.41106e-007
-3.27254
2.93893
2.37764
-1.25
2.93893
3.8471
1.25
2.93893
3.8471
3.27254
2.93893
2.37764
4.04508
2.93893
0
2.37764
4.04508
-1.72746
0.908178
4.04508
-2.79509
-0.908179
4.04508
-2.79509
-2.37764
4.04508
-1.72746
-2.93893
4.04508
1.75174e-007
-2.37764
4.04508
1.72746
-0.908178
4.04508
2.79509
0.908178
4.04508
2.79508
2.37764
4.04508
1.72746
2.93893
4.04508
0
1.25
4.75528
-0.908178
0.477457
4.75528
-1.46946
-0.477458
4.75528
-1.46946
-1.25
4.75528
-0.908178
-1.54509
4.75528
9.20942e-008
-1.25
4.75528
0.908178
-0.477457
4.75528
1.46946
0.477458
4.75528
1.46946
1.25
4.75528
0.908178
1.54508
4.75528
0
0
-5
0
0
5
0
0
0.1
0.1
0.1
0.2
0.1
0.3
0.1
0.4
0.1
0.5
0.1
0.6
0.1
0.7
0.1
0.8
0.1
0.9
0.1
1
0.1
0
0.2
0.1
0.2
0.2
0.2
0.3
0.2
0.4
0.2
0.5
0.2
0.6
0.2
0.7
0.2
0.8
0.2
0.9
0.2
1
0.2
0
0.3
0.1
0.3
0.2
0.3
0.3
0.3
0.4
0.3
0.5
0.3
0.6
0.3
0.7
0.3
0.8
0.3
0.9
0.3
1
0.3
0
0.4
0.1
0.4
0.2
0.4
0.3
0.4
0.4
0.4
0.5
0.4
0.6
0.4
0.7
0.4
0.8
0.4
0.9
0.4
1
0.4
0
0.5
0.1
0.5
0.2
0.5
0.3
0.5
0.4
0.5
0.5
0.5
0.6
0.5
0.7
0.5
0.8
0.5
0.9
0.5
1
0.5
0
0.6
0.1
0.6
0.2
0.6
0.3
0.6
0.4
0.6
0.5
0.6
0.6
0.6
0.7
0.6
0.8
0.6
0.9
0.6
1
0.6
0
0.7
0.1
0.7
0.2
0.7
0.3
0.7
0.4
0.7
0.5
0.7
0.6
0.7
0.7
0.7
0.8
0.7
0.9
0.7
1
0.7
0
0.8
0.1
0.8
0.2
0.8
0.3
0.8
0.4
0.8
0.5
0.8
0.6
0.8
0.7
0.8
0.8
0.8
0.9
0.8
1
0.8
0
0.9
0.1
0.9
0.2
0.9
0.3
0.9
0.4
0.9
0.5
0.9
0.6
0.9
0.7
0.9
0.8
0.9
0.9
0.9
1
0.9
0.05
0
0.15
0
0.25
0
0.35
0
0.45
0
0.55
0
0.65
0
0.75
0
0.85
0
0.95
0
0.05
1
0.15
1
0.25
1
0.35
1
0.45
1
0.55
1
0.65
1
0.75
1
0.85
1
0.95
1
0.277578
-0.881468
-0.382054
0.277578
-0.881468
-0.382053
0.277578
-0.881468
-0.382053
0.277578
-0.881468
-0.382053
0
-0.881468
-0.472244
-6.12739e-008
-0.881468
-0.472243
-6.73364e-008
-0.881468
-0.472243
-8.72823e-008
-0.881468
-0.472243
-0.277578
-0.881468
-0.382053
-0.277578
-0.881468
-0.382053
-0.277578
-0.881468
-0.382053
-0.277578
-0.881468
-0.382053
-0.44913
-0.881468
-0.145931
-0.449131
-0.881468
-0.145931
-0.449131
-0.881468
-0.145931
-0.449131
-0.881468
-0.145931
-0.449131
-0.881468
0.145931
-0.449131
-0.881468
0.145932
-0.44913
-0.881468
0.145932
-0.449131
-0.881468
0.145932
-0.277578
-0.881468
0.382053
-0.277578
-0.881468
0.382053
-0.277578
-0.881468
0.382053
-0.277578
-0.881468
0.382053
0
-0.881468
0.472244
0
-0.881468
0.472244
0
-0.881468
0.472244
0
-0.881468
0.472243
0.277578
-0.881468
0.382053
0.277578
-0.881468
0.382053
0.277578
-0.881468
0.382053
0.277578
-0.881468
0.382053
0.449131
-0.881468
0.145932
0.449131
-0.881468
0.145931
0.449131
-0.881468
0.145931
0.449131
-0.881468
0.145931
0.449131
-0.881468
-0.145932
0.449131
-0.881468
-0.145931
0.449131
-0.881468
-0.145931
0.449131
-0.881468
-0.145931
0.425919
-0.689151
-0.586228
0.425919
-0.689152
-0.586227
0.425919
-0.689152
-0.586227
0.425919
-0.689152
-0.586227
-1.71973e-007
-0.689152
-0.724617
-2.28414e-007
-0.689152
-0.724617
-2.13701e-007
-0.689152
-0.724617
-2.49891e-007
-0.689152
-0.724617
-0.425919
-0.689152
-0.586228
-0.425919
-0.689152
-0.586227
-0.425919
-0.689152
-0.586228
-0.425919
-0.689152
-0.586228
-0.689152
-0.689152
-0.223919
-0.689152
-0.689152
-0.223919
-0.689152
-0.689152
-0.223919
-0.689152
-0.689152
-0.223919
-0.689152
-0.689152
0.223919
-0.689152
-0.689152
0.223919
-0.689152
-0.689152
0.223919
-0.689152
-0.689152
0.223919
-0.425919
-0.689152
0.586228
-0.425919
-0.689152
0.586227
-0.425919
-0.689152
0.586227
-0.425919
-0.689152
0.586227
0
-0.689152
0.724617
9.05064e-008
-0.689152
0.724617
6.69131e-008
-0.689152
0.724617
1.24946e-007
-0.689152
0.724617
0.425919
-0.689152
0.586227
0.425919
-0.689152
0.586227
0.425919
-0.689152
0.586227
0.425919
-0.689152
0.586227
0.689152
-0.689152
0.223919
0.689152
-0.689152
0.223919
0.689152
-0.689152
0.223919
0.689152
-0.689152
0.223919
0.689152
-0.689152
-0.223919
0.689152
-0.689152
-0.223919
0.689152
-0.689152
-0.223919
0.689152
-0.689152
-0.223919
0.528951
-0.436084
-0.728039
0.528952
-0.436084
-0.728039
0.528952
-0.436084
-0.728039
0.528952
-0.436084
-0.728039
0
-0.436084
-0.899906
-3.06092e-007
-0.436083
-0.899906
-1.67674e-007
-0.436083
-0.899906
-4.19011e-007
-0.436083
-0.899906
-0.528952
-0.436084
-0.728039
-0.528952
-0.436083
-0.728039
-0.528952
-0.436083
-0.728039
-0.528952
-0.436083
-0.728039
-0.855862
-0.436083
-0.278086
-0.855862
-0.436083
-0.278086
-0.855862
-0.436083
-0.278086
-0.855862
-0.436083
-0.278086
-0.855861
-0.436084
0.278086
-0.855862
-0.436084
0.278086
-0.855862
-0.436084
0.278086
-0.855862
-0.436084
0.278086
-0.528951
-0.436083
0.72804
-0.528951
-0.436083
0.72804
-0.528951
-0.436083
0.72804
-0.528952
-0.436084
0.72804
0
-0.436083
0.899906
0
-0.436083
0.899906
0
-0.436083
0.899906
0
-0.436083
0.899906
0.528952
-0.436083
0.728039
0.528952
-0.436083
0.728039
0.528952
-0.436083
0.728039
0.528952
-0.436083
0.728039
0.855862
-0.436084
0.278086
0.855862
-0.436083
0.278086
0.855862
-0.436083
0.278086
0.855862
-0.436083
0.278086
0.855862
-0.436083
-0.278086
0.855861
-0.436084
-0.278086
0.855862
-0.436083
-0.278086
0.855861
-0.436084
-0.278086
0.581228
-0.148952
-0.799992
0.581228
-0.148952
-0.799992
0.581228
-0.148952
-0.799992
0.581228
-0.148952
-0.799992
-4.15353e-007
-0.148952
-0.988845
-1.18377e-007
-0.148952
-0.988844
-2.80358e-007
-0.148952
-0.988844
0
-0.148952
-0.988844
-0.581228
-0.148952
-0.799992
-0.581228
-0.148952
-0.799992
-0.581228
-0.148952
-0.799992
-0.581228
-0.148952
-0.799992
-0.940447
-0.148952
-0.30557
-0.940447
-0.148952
-0.30557
-0.940447
-0.148952
-0.30557
-0.940447
-0.148952
-0.30557
-0.940447
-0.148952
0.30557
-0.940447
-0.148952
0.30557
-0.940447
-0.148952
0.30557
-0.940447
-0.148952
0.30557
-0.581228
-0.148952
0.799992
-0.581228
-0.148952
0.799992
-0.581228
-0.148952
0.799992
-0.581228
-0.148952
0.799992
0
-0.148952
0.988844
0
-0.148952
0.988845
0
-0.148952
0.988844
0
-0.148952
0.988844
0.581228
-0.148952
0.799992
0.581228
-0.148952
0.799992
0.581228
-0.148952
0.799992
0.581228
-0.148952
0.799992
0.940447
-0.148952
0.30557
0.940447
-0.148952
0.30557
0.940447
-0.148952
0.30557
0.940447
-0.148952
0.30557
0.940447
-0.148952
-0.30557
0.940447
-0.148952
-0.305569
0.940447
-0.148952
-0.30557
0.940447
-0.148952
-0.305569
0.581228
0.148952
-0.799992
0.581228
0.148952
-0.799992
0.581228
0.148952
-0.799992
0.581228
0.148952
-0.799992
-3.95024e-007
0.148952
-0.988844
-1.28388e-007
0.148952
-0.988844
-2.82441e-007
0.148952
-0.988844
0
0.148952
-0.988844
-0.581228
0.148952
-0.799992
-0.581228
0.148952
-0.799992
-0.581228
0.148952
-0.799992
-0.581228
0.148952
-0.799992
-0.940447
0.148952
-0.30557
-0.940447
0.148952
-0.30557
-0.940447
0.148952
-0.30557
-0.940447
0.148952
-0.30557
-0.940447
0.148952
0.30557
-0.940447
0.148952
0.30557
-0.940447
0.148952
0.30557
-0.940447
0.148952
0.30557
-0.581228
0.148952
0.799992
-0.581228
0.148952
0.799992
-0.581228
0.148952
0.799992
-0.581228
0.148952
0.799992
0
0.148952
0.988844
0
0.148952
0.988844
0
0.148952
0.988844
0
0.148952
0.988844
0.581228
0.148952
0.799992
0.581228
0.148952
0.799992
0.581228
0.148952
0.799992
0.581228
0.148952
0.799992
0.940447
0.148952
0.30557
0.940447
0.148952
0.30557
0.940447
0.148952
0.30557
0.940447
0.148953
0.30557
0.940447
0.148952
-0.30557
0.940447
0.148952
-0.30557
0.940447
0.148952
-0.30557
0.940447
0.148952
-0.30557
0.528952
0.436083
-0.728039
0.528952
0.436084
-0.728039
0.528952
0.436083
-0.728039
0.528951
0.436084
-0.728039
-4.19011e-007
0.436084
-0.899906
-1.67674e-007
0.436083
-0.899906
-3.06092e-007
0.436083
-0.899906
0
0.436083
-0.899906
-0.528952
0.436083
-0.72804
-0.528952
0.436084
-0.728039
-0.528952
0.436083
-0.728039
-0.528952
0.436084
-0.728039
-0.855862
0.436084
-0.278086
-0.855862
0.436083
-0.278086
-0.855862
0.436083
-0.278086
-0.855862
0.436083
-0.278086
-0.855862
0.436083
0.278086
-0.855862
0.436084
0.278086
-0.855862
0.436084
0.278086
-0.855861
0.436084
0.278086
-0.528951
0.436084
0.728039
-0.528951
0.436083
0.72804
-0.528951
0.436084
0.72804
-0.528952
0.436083
0.72804
0
0.436083
0.899906
0
0.436083
0.899906
0
0.436083
0.899906
0
0.436084
0.899906
0.528952
0.436083
0.728039
0.528952
0.436083
0.728039
0.528952
0.436083
0.728039
0.528952
0.436083
0.728039
0.855862
0.436083
0.278086
0.855862
0.436083
0.278086
0.855862
0.436083
0.278086
0.855862
0.436083
0.278086
0.855862
0.436084
-0.278086
0.855862
0.436084
-0.278086
0.855862
0.436084
-0.278086
0.855862
0.436084
-0.278086
0.425919
0.689152
-0.586227
0.425919
0.689152
-0.586228
0.425919
0.689152
-0.586227
0.425919
0.689152
-0.586228
-3.74837e-007
0.689152
-0.724617
-2.00739e-007
0.689152
-0.724617
-2.71519e-007
0.689152
-0.724617
0
0.689152
-0.724617
-0.425919
0.689152
-0.586228
-0.425919
0.689152
-0.586228
-0.425919
0.689152
-0.586228
-0.425919
0.689152
-0.586228
-0.689152
0.689152
-0.223919
-0.689152
0.689152
-0.223919
-0.689152
0.689152
-0.223919
-0.689151
0.689152
-0.223919
-0.689152
0.689152
0.223919
-0.689152
0.689152
0.223919
-0.689152
0.689152
0.223919
-0.689152
0.689152
0.223919
-0.425919
0.689152
0.586227
-0.425919
0.689152
0.586227
-0.425919
0.689152
0.586227
-0.425919
0.689152
0.586228
0
0.689152
0.724617
7.9875e-008
0.689152
0.724617
4.74015e-008
0.689152
0.724617
1.71973e-007
0.689152
0.724617
0.425919
0.689152
0.586227
0.425919
0.689152
0.586227
0.425919
0.689152
0.586227
0.425919
0.689152
0.586228
0.689152
0.689152
0.223919
0.689152
0.689152
0.223919
0.689152
0.689152
0.223919
0.689152
0.689152
0.223919
0.689152
0.689152
-0.223919
0.689152
0.689152
-0.223919
0.689152
0.689152
-0.223919
0.689152
0.689152
-0.223919
0.277578
0.881468
-0.382053
0.277578
0.881468
-0.382053
0.277578
0.881468
-0.382053
0.277578
0.881468
-0.382054
0
0.881468
-0.472244
-3.79393e-008
0.881468
-0.472243
-4.94709e-008
0.881468
-0.472243
-1.66021e-007
0.881468
-0.472243
-0.277578
0.881468
-0.382053
-0.277578
0.881468
-0.382053
-0.277578
0.881468
-0.382053
-0.277578
0.881468
-0.382053
-0.449131
0.881468
-0.145931
-0.449131
0.881468
-0.145931
-0.449131
0.881468
-0.145931
-0.449131
0.881468
-0.145931
-0.449131
0.881468
0.145931
-0.44913
0.881468
0.145931
-0.44913
0.881468
0.145931
-0.44913
0.881468
0.145932
-0.277578
0.881468
0.382053
-0.277578
0.881468
0.382053
-0.277578
0.881468
0.382053
-0.277578
0.881468
0.382053
0
0.881468
0.472243
0
0.881468
0.472244
0
0.881468
0.472244
0
0.881468
0.472244
0.277578
0.881468
0.382053
0.277578
0.881468
0.382053
0.277578
0.881468
0.382053
0.277578
0.881468
0.382053
0.449131
0.881468
0.145932
0.449131
0.881468
0.145932
0.449131
0.881468
0.145932
0.449131
0.881468
0.145931
0.449131
0.881468
-0.145931
0.449131
0.881468
-0.145931
0.449131
0.881468
-0.145931
0.449131
0.881468
-0.145931
0.096557
-0.986415
-0.132899
0.096557
-0.986415
-0.132899
0.096557
-0.986415
-0.132899
-4.19002e-008
-0.986415
-0.164273
-4.19002e-008
-0.986415
-0.164273
-4.19002e-008
-0.986415
-0.164273
-0.0965571
-0.986415
-0.132899
-0.0965571
-0.986415
-0.132899
-0.0965571
-0.986415
-0.132899
-0.156233
-0.986415
-0.0507629
-0.156233
-0.986415
-0.0507629
-0.156233
-0.986415
-0.0507629
-0.156233
-0.986415
0.0507629
-0.156233
-0.986415
0.0507629
-0.156233
-0.986415
0.0507629
-0.096557
-0.986415
0.132899
-0.096557
-0.986415
0.132899
-0.096557
-0.986415
0.132899
2.09501e-008
-0.986415
0.164273
2.09501e-008
-0.986415
0.164273
2.09501e-008
-0.986415
0.164273
0.0965571
-0.986415
0.132899
0.0965571
-0.986415
0.132899
0.0965571
-0.986415
0.132899
0.156233
-0.986415
0.050763
0.156233
-0.986415
0.050763
0.156233
-0.986415
0.050763
0.156233
-0.986415
-0.050763
0.156233
-0.986415
-0.0507629
0.156233
-0.986415
-0.0507629
0.096557
0.986415
-0.132899
0.096557
0.986415
-0.132899
0.096557
0.986415
-0.132899
-4.19002e-008
0.986415
-0.164273
-4.19002e-008
0.986415
-0.164273
-4.19002e-008
0.986415
-0.164273
-0.0965571
0.986415
-0.132899
-0.0965571
0.986415
-0.132899
-0.0965571
0.986415
-0.132899
-0.156233
0.986415
-0.0507629
-0.156233
0.986415
-0.0507629
-0.156233
0.986415
-0.0507629
-0.156233
0.986415
0.0507629
-0.156233
0.986415
0.0507629
-0.156233
0.986415
0.0507629
-0.096557
0.986415
0.132899
-0.096557
0.986415
0.132899
-0.096557
0.986415
0.132899
2.09501e-008
0.986415
0.164273
2.09501e-008
0.986415
0.164273
2.09501e-008
0.986415
0.164273
0.0965571
0.986415
0.132899
0.0965571
0.986415
0.132899
0.0965571
0.986415
0.132899
0.156233
0.986415
0.050763
0.156233
0.986415
0.050763
0.156233
0.986415
0.050763
0.156233
0.986415
-0.0507636
0.156233
0.986415
-0.0507636
0.156233
0.986415
-0.0507636
-0.809017
3.33757e-007
-0.587785
-0.809017
-3.4317e-008
-0.587785
-0.809017
-4.39462e-008
-0.587785
-0.809017
-4.39462e-008
-0.587785
-0.809017
-3.4317e-008
-0.587785
-0.809017
-1.92029e-007
-0.587785
-1
-1.03932e-007
1.93994e-007
-1
-2.52749e-008
1.76928e-007
-1
-1.9931e-008
1.79791e-007
-1
-1.9931e-008
1.79791e-007
-1
-2.52749e-008
1.76928e-007
-1
2.22965e-008
1.43207e-007
-0.809017
-1.08146e-008
0.587785
-0.809017
1.51101e-007
0.587785
-0.809017
1.29848e-007
0.587785
-0.809017
1.29848e-007
0.587785
-0.809017
1.51101e-007
0.587785
-0.809017
2.45441e-007
0.587785
-0.309017
-1.60708e-007
0.951057
-0.309017
1.09457e-008
0.951057
-0.309017
2.78119e-008
0.951057
-0.309017
2.78119e-008
0.951057
-0.309017
1.09457e-008
0.951057
-0.309017
4.20745e-008
0.951057
0.309017
9.43263e-008
0.951056
0.309017
1.2416e-007
0.951056
0.309017
1.40396e-007
0.951056
0.309017
1.40396e-007
0.951056
0.309017
1.2416e-007
0.951056
0.309017
1.57737e-007
0.951056
0.809017
1.25915e-007
0.587785
0.809017
-1.15765e-007
0.587785
0.809017
-1.52458e-007
0.587785
0.809017
-1.52458e-007
0.587785
0.809017
-1.15765e-007
0.587785
0.809017
-2.24287e-007
0.587785
1
-5.19659e-008
-9.6997e-008
1
-5.3303e-008
-9.94929e-008
1
-5.3303e-008
-9.94929e-008
1
-5.3303e-008
-9.94929e-008
1
-5.3303e-008
-9.94929e-008
1
-5.46401e-008
-1.01989e-007
0.809017
3.72081e-008
-0.587785
0.809017
1.25807e-007
-0.587785
0.809017
1.19995e-007
-0.587785
0.809017
1.19995e-007
-0.587785
0.809017
1.25807e-007
-0.587785
0.809017
1.58454e-007
-0.587785
0.309017
-1.57051e-007
-0.951057
0.309017
-4.9603e-008
-0.951057
0.309017
-5.33466e-008
-0.951057
0.309017
-5.33466e-008
-0.951057
0.309017
-4.9603e-008
-0.951057
0.309017
1.66254e-008
-0.951057
-0.309017
7.42646e-007
-0.951056
-0.309017
1.78834e-007
-0.951057
-0.309017
1.00138e-007
-0.951057
-0.309017
1.00138e-007
-0.951057
-0.309017
1.78834e-007
-0.951057
-0.309017
-8.45381e-008
-0.951057
-0.809017
-4.04275e-009
-0.587785
-0.809017
-5.44612e-008
-0.587785
-0.809017
-9.67804e-008
-0.587785
-0.809017
-9.67804e-008
-0.587785
-0.809017
-5.44612e-008
-0.587785
-0.809017
-1.23055e-007
-0.587785
-1
5.29669e-008
1.86955e-007
-1
7.70142e-008
2.41976e-007
-1
6.68745e-008
2.31314e-007
-1
6.68745e-008
2.31314e-007
-1
7.70142e-008
2.41976e-007
-1
7.69656e-008
2.71661e-007
-0.809017
-5.52982e-008
0.587785
-0.809017
-3.42888e-008
0.587785
-0.809017
-8.25773e-008
0.587785
-0.809017
-8.25773e-008
0.587785
-0.809017
-3.42888e-008
0.587785
-0.809017
-8.57122e-008
0.587785
-0.309017
-9.06793e-008
0.951057
-0.309017
-8.03917e-008
0.951057
-0.309017
-7.06251e-008
0.951057
-0.309017
-7.06251e-008
0.951057
-0.309017
-8.03917e-008
0.951057
-0.309017
-6.03376e-008
0.951057
0.309017
-6.01168e-008
0.951057
0.309017
2.35105e-008
0.951057
0.309017
3.97742e-009
0.951057
0.309017
3.97742e-009
0.951057
0.309017
2.35105e-008
0.951057
0.309017
4.85386e-008
0.951056
0.809017
1.33091e-007
0.587785
0.809017
-5.70952e-008
0.587785
0.809017
-2.38635e-008
0.587785
0.809017
-2.38635e-008
0.587785
0.809017
-5.70952e-008
0.587785
0.809017
-1.56674e-007
0.587785
1
-6.55485e-008
-6.23403e-008
1
5.78657e-009
-1.19399e-007
1
-1.04728e-008
-1.02303e-007
1
-1.04728e-008
-1.02303e-007
1
5.78657e-009
-1.19399e-007
1
3.84828e-008
-1.35831e-007
0.809017
1.39308e-008
-0.587785
0.809017
1.31638e-007
-0.587785
0.809017
9.0878e-008
-0.587785
0.809017
9.0878e-008
-0.587785
0.809017
1.31638e-007
-0.587785
0.809017
1.51209e-007
-0.587785
0.309017
5.96364e-008
-0.951057
0.309017
5.85437e-008
-0.951057
0.309017
6.83102e-008
-0.951057
0.309017
6.83102e-008
-0.951057
0.309017
5.85437e-008
-0.951057
0.309017
8.67506e-008
-0.951057
-0.309017
-2.69089e-009
-0.951057
-0.309017
8.30363e-009
-0.951057
-0.309017
2.0997e-008
-0.951057
-0.309017
2.0997e-008
-0.951057
-0.309017
8.30363e-009
-0.951057
-0.309017
1.24584e-008
-0.951057
-0.809017
3.80139e-008
-0.587785
-0.809017
-8.79058e-009
-0.587785
-0.809017
7.37096e-010
-0.587785
-0.809017
7.37096e-010
-0.587785
-0.809017
-8.79058e-009
-0.587785
-0.809017
-4.60674e-008
-0.587785
-1
-7.48509e-008
3.62718e-008
-1
3.23842e-008
3.24444e-007
-1
-2.79776e-008
1.99881e-007
-1
-2.79776e-008
1.99881e-007
-1
3.23842e-008
3.24444e-007
-1
5.53798e-008
4.3878e-007
-0.809017
1.91314e-008
0.587785
-0.809017
-1.90287e-009
0.587785
-0.809017
-1.90287e-009
0.587785
-0.809017
-1.90287e-009
0.587785
-0.809017
-1.90287e-009
0.587785
-0.809017
1.91197e-008
0.587785
-0.309017
1.17917e-008
0.951057
-0.309017
-3.67326e-008
0.951057
-0.309017
-2.43724e-008
0.951057
-0.309017
-2.43724e-008
0.951057
-0.309017
-3.67326e-008
0.951057
-0.309017
-3.644e-008
0.951057
0.309017
3.10823e-008
0.951056
0.309017
1.3986e-008
0.951057
0.309017
2.20181e-008
0.951057
0.309017
2.20181e-008
0.951057
0.309017
1.3986e-008
0.951057
0.309017
8.62592e-009
0.951057
0.809017
1.63961e-007
0.587785
0.809017
3.55056e-008
0.587785
0.809017
8.70902e-008
0.587785
0.809017
8.70902e-008
0.587785
0.809017
3.55056e-008
0.587785
0.809017
-1.08094e-008
0.587785
1
-3.74254e-008
-1.81359e-008
1
-1.87127e-008
-9.06795e-009
1
-1.87127e-008
-9.06796e-009
1
-1.87127e-008
-9.06796e-009
1
-1.87127e-008
-9.06795e-009
1
0
0
0.809017
-7.19808e-008
-0.587785
0.809017
-1.77193e-008
-0.587785
0.809017
-2.34697e-008
-0.587785
0.809017
-2.34697e-008
-0.587785
0.809017
-1.77193e-008
-0.587785
0.809017
9.76338e-009
-0.587785
0.309017
1.4592e-008
-0.951057
0.309017
-1.31177e-008
-0.951057
0.309017
1.16027e-008
-0.951057
0.309017
1.16027e-008
-0.951057
0.309017
-1.31177e-008
-0.951057
0.309017
-1.54831e-008
-0.951057
-0.309017
-4.85618e-009
-0.951057
-0.309017
1.9437e-008
-0.951057
-0.309017
7.70072e-009
-0.951057
-0.309017
7.70072e-009
-0.951057
-0.309017
1.9437e-008
-0.951057
-0.309017
4.065e-008
-0.951057
-0.809017
3.03017e-008
-0.587785
-0.809017
-8.46209e-010
-0.587785
-0.809017
4.37229e-009
-0.587785
-0.809017
4.37229e-009
-0.587785
-0.809017
-8.46209e-010
-0.587785
-0.809017
-1.43744e-008
-0.587785
-1
1.40722e-008
4.17919e-007
-1
-1.76292e-008
1.22368e-007
-1
6.49817e-009
2.82542e-007
-1
6.49817e-009
2.82542e-007
-1
-1.76292e-008
1.22368e-007
-1
-2.27281e-008
3.42357e-009
-0.809017
4.486e-009
0.587785
-0.809017
5.91534e-009
0.587785
-0.809017
6.9685e-010
0.587785
-0.809017
6.9685e-010
0.587785
-0.809017
5.91534e-009
0.587785
-0.809017
9.30883e-009
0.587785
-0.309017
-4.02333e-010
0.951057
-0.309017
1.28782e-009
0.951057
-0.309017
-1.45571e-009
0.951057
-0.309017
-1.45571e-009
0.951057
-0.309017
1.28782e-009
0.951057
-0.309017
-6.73092e-009
0.951057
0.309017
-2.61085e-009
0.951057
0.309017
-6.88218e-009
0.951057
0.309017
-9.6257e-009
0.951057
0.309017
-9.6257e-009
0.951057
0.309017
-6.88218e-009
0.951057
0.309017
-3.97501e-009
0.951057
0.809017
1.52499e-008
0.587785
0.809017
-1.91033e-008
0.587785
0.809017
4.80442e-010
0.587785
0.809017
4.80442e-010
0.587785
0.809017
-1.91033e-008
0.587785
0.809017
-2.86543e-008
0.587785
1
0
0
1
0
0
1
0
0
1
0
0
1
0
0
1
0
0
0.809017
2.77408e-008
-0.587785
0.809017
8.29658e-009
-0.587785
0.809017
1.87336e-008
-0.587785
0.809017
1.87336e-008
-0.587785
0.809017
8.29658e-009
-0.587785
0.809017
-1.11475e-008
-0.587785
0.309017
-1.53612e-009
-0.951057
0.309017
-2.072e-010
-0.951057
0.309017
6.75818e-009
-0.951057
0.309017
6.75818e-009
-0.951057
0.309017
-2.072e-010
-0.951057
0.309017
-3.10014e-009
-0.951057
-0.309017
-1.35378e-009
-0.951057
-0.309017
-7.25936e-009
-0.951057
-0.309017
2.66267e-009
-0.951057
-0.309017
2.66267e-009
-0.951057
-0.309017
-7.25936e-009
-0.951057
-0.309017
-3.2429e-009
-0.951057
-0.809017
1.97332e-009
-0.587785
-0.809017
-1.11794e-009
-0.587785
-0.809017
-1.15549e-008
-0.587785
-0.809017
-1.15549e-008
-0.587785
-0.809017
-1.11794e-009
-0.587785
-0.809017
-3.53525e-009
-0.587785
-1
-3.61115e-008
3.94041e-007
-1
1.61381e-008
1.32267e-007
-1
-6.80838e-009
2.84601e-007
-1
-6.80838e-009
2.84601e-007
-1
1.61381e-008
1.32267e-007
-1
4.77954e-008
7.19955e-009
-0.809017
-1.84556e-008
0.587785
-0.809017
6.48579e-009
0.587785
-0.809017
-1.3098e-008
0.587785
-0.809017
-1.3098e-008
0.587785
-0.809017
6.48579e-009
0.587785
-0.809017
7.32497e-010
0.587785
-0.309017
5.2526e-009
0.951057
-0.309017
1.45571e-009
0.951057
-0.309017
5.67755e-009
0.951057
-0.309017
5.67755e-009
0.951057
-0.309017
1.45571e-009
0.951057
-0.309017
4.02332e-010
0.951057
0.309017
-2.46838e-010
0.951057
0.309017
1.18201e-009
0.951057
0.309017
2.66033e-009
0.951057
0.309017
2.66033e-009
0.951057
0.309017
1.18201e-009
0.951057
0.309017
6.83271e-009
0.951057
0.809017
-3.00971e-008
0.587785
0.809017
1.19207e-008
0.587785
0.809017
-1.28816e-008
0.587785
0.809017
-1.28816e-008
0.587785
0.809017
1.19207e-008
0.587785
0.809017
3.63188e-008
0.587785
1
0
0
1
0
0
1
0
0
1
0
0
1
0
0
1
0
0
0.809017
-2.60558e-008
-0.587785
0.809017
-6.33244e-009
-0.587785
0.809017
-2.59162e-008
-0.587785
0.809017
-2.59162e-008
-0.587785
0.809017
-6.33244e-009
-0.587785
0.809017
4.24417e-009
-0.587785
0.309017
-2.38691e-009
-0.951057
0.309017
-1.27113e-009
-0.951057
0.309017
-2.53632e-009
-0.951057
0.309017
-2.53632e-009
-0.951057
0.309017
-1.27113e-009
-0.951057
0.309017
7.02319e-009
-0.951057
-0.309017
-7.94435e-009
-0.951057
-0.309017
1.55917e-009
-0.951057
-0.309017
1.55918e-009
-0.951057
-0.309017
1.55918e-009
-0.951057
-0.309017
1.55917e-009
-0.951057
-0.309017
6.84081e-009
-0.951057
-0.809017
3.07893e-008
-0.587785
-0.809017
8.79058e-009
-0.587785
-0.809017
-7.37096e-010
-0.587785
-0.809017
-7.37096e-010
-0.587785
-0.809017
8.79058e-009
-0.587785
-0.809017
-2.27359e-008
-0.587785
-1
-5.53798e-008
4.3878e-007
-1
2.79776e-008
1.99881e-007
-1
-3.23842e-008
3.24444e-007
-1
-3.23842e-008
3.24444e-007
-1
2.79776e-008
1.99881e-007
-1
7.48509e-008
3.62718e-008
-0.809017
4.77429e-008
0.587785
-0.809017
-4.96817e-008
0.587785
-0.809017
3.82094e-008
0.587785
-0.809017
3.82094e-008
0.587785
-0.809017
-4.96817e-008
0.587785
-0.809017
-8.02438e-008
0.587785
-0.309017
-6.40596e-010
0.951057
-0.309017
-4.05212e-009
0.951057
-0.309017
1.63403e-008
0.951057
-0.309017
1.63403e-008
0.951057
-0.309017
-4.05212e-009
0.951057
-0.309017
-1.98239e-008
0.951057
0.309017
-9.24988e-009
0.951057
0.309017
2.70233e-009
0.951057
0.309017
-5.9538e-009
0.951057
0.309017
-5.9538e-009
0.951057
0.309017
2.70233e-009
0.951057
0.309017
1.83586e-008
0.951057
0.809017
-4.27483e-008
0.587785
0.809017
-2.97552e-008
0.587785
0.809017
-5.6534e-008
0.587785
0.809017
-5.6534e-008
0.587785
0.809017
-2.97552e-008
0.587785
0.809017
-5.88189e-008
0.587785
1
0
0
1
1.87127e-008
-9.06796e-009
1
1.87127e-008
-9.06795e-009
1
1.87127e-008
-9.06795e-009
1
1.87127e-008
-9.06796e-009
1
3.74255e-008
-1.81359e-008
0.809017
1.12651e-008
-0.587785
0.809017
1.77193e-008
-0.587785
0.809017
5.97762e-008
-0.587785
0.809017
5.97762e-008
-0.587785
0.809017
1.77193e-008
-0.587785
0.809017
2.99239e-008
-0.587785
0.309017
2.49894e-009
-0.951057
0.309017
1.31177e-008
-0.951057
0.309017
8.78968e-009
-0.951057
0.309017
8.78968e-009
-0.951057
0.309017
1.31177e-008
-0.951057
0.309017
2.7202e-009
-0.951057
-0.309017
-4.89237e-010
-0.951057
-0.309017
-7.70073e-009
-0.951057
-0.309017
-3.37266e-009
-0.951057
-0.309017
-3.37266e-009
-0.951057
-0.309017
-7.70073e-009
-0.951057
-0.309017
-6.88006e-009
-0.951057
-0.809017
9.13819e-008
-0.587785
-0.809017
3.94044e-008
-0.587785
-0.809017
6.35487e-008
-0.587785
-0.809017
6.35487e-008
-0.587785
-0.809017
3.94044e-008
-0.587785
-0.809017
-2.16606e-008
-0.587785
-1
-1.63072e-007
3.62199e-007
-1
-5.79418e-008
2.21922e-007
-1
-1.0672e-007
2.7321e-007
-1
-1.0672e-007
2.7321e-007
-1
-5.79418e-008
2.21922e-007
-1
6.55484e-008
6.23403e-008
-0.809017
1.3556e-007
0.587785
-0.809017
6.59615e-008
0.587785
-0.809017
7.50489e-008
0.587785
-0.809017
7.50489e-008
0.587785
-0.809017
6.59615e-008
0.587785
-0.809017
-1.11652e-008
0.587785
-0.309017
-1.97356e-008
0.951057
-0.309017
1.88655e-008
0.951057
-0.309017
9.09898e-009
0.951057
-0.309017
9.09898e-009
0.951057
-0.309017
1.88655e-008
0.951057
-0.309017
8.87071e-008
0.951057
0.309017
-4.46257e-008
0.951056
0.309017
-4.59705e-008
0.951057
0.309017
-4.59705e-008
0.951057
0.309017
-4.59705e-008
0.951057
0.309017
-4.59705e-008
0.951057
0.309017
-1.50887e-008
0.951057
0.809017
7.35949e-008
0.587785
0.809017
4.80077e-008
0.587785
0.809017
6.46236e-008
0.587785
0.809017
6.46236e-008
0.587785
0.809017
4.80077e-008
0.587785
0.809017
2.39796e-008
0.587785
1
4.76237e-008
-4.52929e-008
1
1.5401e-009
-1.11695e-007
1
2.39193e-008
-8.81645e-008
1
2.39193e-008
-8.81645e-008
1
1.5401e-009
-1.11695e-007
1
-5.2967e-008
-1.86955e-007
0.809017
-2.17673e-007
-0.587786
0.809017
-8.33496e-008
-0.587785
0.809017
-1.72398e-007
-0.587785
0.809017
-1.72398e-007
-0.587785
0.809017
-8.33496e-008
-0.587785
0.809017
5.85019e-008
-0.587785
0.309017
4.07518e-009
-0.951057
0.309017
-2.63172e-008
-0.951057
0.309017
-9.7109e-009
-0.951057
0.309017
-9.7109e-009
-0.951057
0.309017
-2.63172e-008
-0.951057
0.309017
-4.98698e-008
-0.951057
-0.309017
5.00538e-008
-0.951057
-0.309017
-1.4639e-009
-0.951057
-0.309017
1.51424e-008
-0.951057
-0.309017
1.51424e-008
-0.951057
-0.309017
-1.4639e-009
-0.951057
-0.309017
-5.00548e-008
-0.951057
-0.809017
2.22911e-007
-0.587785
-0.809017
1.26963e-007
-0.587785
-0.809017
9.60809e-008
-0.587785
-0.809017
9.60809e-008
-0.587785
-0.809017
1.26963e-007
-0.587785
-0.809017
-2.41111e-007
-0.587785
-1
5.46401e-008
1.01989e-007
-1
4.58436e-008
1.65908e-007
-1
3.56789e-008
1.71354e-007
-1
3.56789e-008
1.71354e-007
-1
4.58436e-008
1.65908e-007
-1
-4.24104e-008
2.72396e-007
-0.809017
-2.5507e-007
0.587785
-0.809017
-1.45289e-007
0.587785
-0.809017
-1.29848e-007
0.587785
-0.809017
-1.29848e-007
0.587785
-0.809017
-1.45289e-007
0.587785
-0.809017
7.63961e-008
0.587785
-0.309017
1.0783e-007
0.951057
-0.309017
6.77501e-008
0.951057
-0.309017
4.77709e-008
0.951057
-0.309017
4.77709e-008
0.951057
-0.309017
6.77501e-008
0.951057
-0.309017
1.20653e-008
0.951057
0.309017
2.85054e-010
0.951057
0.309017
-7.79354e-008
0.951057
0.309017
-1.15411e-007
0.951056
0.309017
-1.15411e-007
0.951056
0.309017
-7.79354e-008
0.951057
0.309017
-3.85387e-007
0.951057
0.809017
2.39728e-007
0.587785
0.809017
1.52458e-007
0.587785
0.809017
1.42829e-007
0.587785
0.809017
1.42829e-007
0.587785
0.809017
1.52458e-007
0.587785
0.809017
-1.37539e-007
0.587785
1
5.46401e-008
-1.01989e-007
1
5.3303e-008
-9.94929e-008
1
5.3303e-008
-9.94929e-008
1
5.3303e-008
-9.94929e-008
1
5.3303e-008
-9.94929e-008
1
5.19659e-008
-9.6997e-008
0.809017
-6.19903e-008
-0.587785
0.809017
-9.49251e-008
-0.587785
0.809017
-1.16178e-007
-0.587785
0.809017
-1.16178e-007
-0.587785
0.809017
-9.49251e-008
-0.587785
0.809017
-1.99253e-007
-0.587785
0.309017
2.95675e-007
-0.951056
0.309017
2.53219e-007
-0.951056
0.309017
2.11999e-007
-0.951056
0.309017
2.11999e-007
-0.951056
0.309017
2.53219e-007
-0.951056
0.309017
1.1521e-008
-0.951057
-0.309017
-5.66179e-008
-0.951057
-0.309017
-9.57642e-008
-0.951057
-0.309017
-1.08256e-007
-0.951057
-0.309017
-1.08256e-007
-0.951057
-0.309017
-9.57642e-008
-0.951057
-0.309017
-2.01114e-007
-0.951057
-0.809017
2.68784e-008
-0.587785
-0.809017
3.28241e-008
-0.587785
-0.809017
3.28241e-008
-0.587785
-1
8.73229e-010
2.49821e-007
-1
8.73225e-010
2.49821e-007
-1
8.73225e-010
2.49821e-007
-0.809017
-3.84886e-008
0.587785
-0.809017
-3.84886e-008
0.587785
-0.809017
-3.84886e-008
0.587785
-0.309017
8.17529e-008
0.951057
-0.309017
8.17529e-008
0.951057
-0.309017
8.31531e-008
0.951057
0.309017
-9.67313e-008
0.951057
0.309017
-9.67313e-008
0.951057
0.309017
-9.81315e-008
0.951057
0.809017
3.12218e-008
0.587785
0.809017
2.25821e-008
0.587785
0.809017
2.52761e-008
0.587785
1
4.36651e-010
-1.2491e-007
1
4.36653e-010
-1.2491e-007
1
4.36653e-010
-1.2491e-007
0.809017
-4.50691e-008
-0.587785
0.809017
-4.50691e-008
-0.587785
0.809017
-3.64294e-008
-0.587785
0.309017
7.36501e-008
-0.951057
0.309017
7.36501e-008
-0.951057
0.309017
8.16871e-008
-0.951057
-0.309017
-6.04308e-008
-0.951057
-0.309017
-6.39256e-008
-0.951057
-0.309017
-5.93834e-008
-0.951057
-0.809017
-3.28241e-008
-0.587785
-0.809017
-2.68784e-008
-0.587785
-0.809017
-3.28241e-008
-0.587785
-1
-8.73225e-010
2.49821e-007
-1
-8.73229e-010
2.49821e-007
-1
-8.73225e-010
2.49821e-007
-0.809017
3.84886e-008
0.587785
-0.809017
3.84886e-008
0.587785
-0.809017
3.84886e-008
0.587785
-0.309017
-8.17529e-008
0.951057
-0.309017
-8.17529e-008
0.951057
-0.309017
-8.31531e-008
0.951057
0.309017
9.67313e-008
0.951057
0.309017
9.67313e-008
0.951057
0.309017
9.81315e-008
0.951057
0.809017
-1.98882e-008
0.587785
0.809017
-2.5834e-008
0.587785
0.809017
-1.98882e-008
0.587785
1
-4.36653e-010
-1.2491e-007
1
-4.36651e-010
-1.2491e-007
1
-4.36653e-010
-1.2491e-007
0.809017
4.50691e-008
-0.587785
0.809017
4.50691e-008
-0.587785
0.809017
3.64294e-008
-0.587785
0.309017
-7.36501e-008
-0.951057
0.309017
-7.36501e-008
-0.951057
0.309017
-8.16871e-008
-0.951057
-0.309017
-5.73181e-007
-0.951057
-0.309017
-5.69686e-007
-0.951057
-0.309017
-5.66191e-007
-0.951057
0.518114
0.472244
-0.713122
0.518114
0.472244
-0.713123
0.518114
0.472244
-0.713123
0.518114
0.472244
-0.713123
0.518114
0.472244
-0.713123
0.518114
0.472243
-0.713123
-2.20081e-007
0.472244
-0.881468
-1.67892e-007
0.472243
-0.881468
-1.67892e-007
0.472243
-0.881468
-1.67892e-007
0.472243
-0.881468
-1.67892e-007
0.472243
-0.881468
-1.15703e-007
0.472243
-0.881468
-0.518114
0.472244
-0.713123
-0.518114
0.472244
-0.713123
-0.518114
0.472244
-0.713123
-0.518114
0.472244
-0.713123
-0.518114
0.472244
-0.713123
-0.518114
0.472244
-0.713123
-0.838326
0.472244
-0.272389
-0.838326
0.472244
-0.272388
-0.838326
0.472244
-0.272388
-0.838326
0.472244
-0.272388
-0.838326
0.472244
-0.272388
-0.838326
0.472244
-0.272388
-0.838326
0.472244
0.272389
-0.838326
0.472244
0.272389
-0.838326
0.472244
0.272389
-0.838326
0.472244
0.272389
-0.838326
0.472244
0.272389
-0.838326
0.472244
0.272389
-0.518114
0.472244
0.713123
-0.518114
0.472244
0.713123
-0.518114
0.472244
0.713123
-0.518114
0.472244
0.713123
-0.518114
0.472244
0.713123
-0.518114
0.472244
0.713123
1.1004e-007
0.472244
0.881468
1.12872e-007
0.472244
0.881468
1.12872e-007
0.472244
0.881468
1.12872e-007
0.472244
0.881468
1.12872e-007
0.472244
0.881468
1.15703e-007
0.472243
0.881468
0.518114
0.472244
0.713122
0.518114
0.472244
0.713123
0.518114
0.472244
0.713123
0.518114
0.472244
0.713123
0.518114
0.472244
0.713123
0.518114
0.472244
0.713123
0.838326
0.472244
0.272389
0.838326
0.472244
0.272389
0.838326
0.472244
0.272389
0.838326
0.472244
0.272389
0.838326
0.472244
0.272389
0.838326
0.472244
0.272389
0.838326
0.472244
-0.272388
0.838326
0.472244
-0.272388
0.838326
0.472244
-0.272388
0.838326
0.472244
-0.272388
0.838326
0.472244
-0.272388
0.838326
0.472244
-0.272388
0.405073
0.724617
-0.557535
0.405073
0.724617
-0.557536
0.405073
0.724617
-0.557536
0.405073
0.724617
-0.557536
0.405073
0.724617
-0.557536
0.405073
0.724617
-0.557536
-9.04594e-008
0.724617
-0.689152
-1.10952e-007
0.724617
-0.689152
-1.10952e-007
0.724617
-0.689152
-1.10952e-007
0.724617
-0.689152
-1.10952e-007
0.724617
-0.689152
-1.31445e-007
0.724617
-0.689152
-0.405073
0.724617
-0.557535
-0.405073
0.724617
-0.557535
-0.405073
0.724617
-0.557535
-0.405073
0.724617
-0.557535
-0.405073
0.724617
-0.557535
-0.405073
0.724617
-0.557535
-0.655422
0.724617
-0.212959
-0.655422
0.724617
-0.212959
-0.655422
0.724617
-0.212959
-0.655422
0.724617
-0.212959
-0.655422
0.724617
-0.212959
-0.655422
0.724617
-0.21296
-0.655422
0.724617
0.21296
-0.655422
0.724617
0.21296
-0.655422
0.724617
0.21296
-0.655422
0.724617
0.21296
-0.655422
0.724617
0.21296
-0.655422
0.724617
0.21296
-0.405073
0.724617
0.557536
-0.405073
0.724617
0.557536
-0.405073
0.724617
0.557536
-0.405073
0.724617
0.557536
-0.405073
0.724617
0.557536
-0.405073
0.724617
0.557536
9.04594e-008
0.724617
0.689152
7.80911e-008
0.724617
0.689152
7.8091e-008
0.724617
0.689152
7.8091e-008
0.724617
0.689152
7.80911e-008
0.724617
0.689152
6.57226e-008
0.724617
0.689152
0.405073
0.724617
0.557535
0.405073
0.724617
0.557536
0.405073
0.724617
0.557536
0.405073
0.724617
0.557536
0.405073
0.724617
0.557536
0.405073
0.724617
0.557536
0.655422
0.724617
0.21296
0.655422
0.724617
0.21296
0.655422
0.724617
0.21296
0.655422
0.724617
0.21296
0.655422
0.724617
0.21296
0.655422
0.724617
0.21296
0.655423
0.724617
-0.21296
0.655422
0.724617
-0.21296
0.655422
0.724617
-0.21296
0.655422
0.724617
-0.21296
0.655422
0.724617
-0.21296
0.655422
0.724617
-0.212959
0.256324
0.899906
-0.352799
0.256324
0.899906
-0.352799
0.256323
0.899906
-0.352799
0.256323
0.899906
-0.352799
0.256324
0.899906
-0.352799
0.256324
0.899906
-0.352799
-8.31763e-008
0.899906
-0.436084
-1.12342e-007
0.899906
-0.436083
-1.12342e-007
0.899906
-0.436084
-1.12342e-007
0.899906
-0.436084
-1.12342e-007
0.899906
-0.436083
-1.41508e-007
0.899906
-0.436083
-0.256323
0.899906
-0.352799
-0.256323
0.899906
-0.352799
-0.256323
0.899906
-0.352799
-0.256323
0.899906
-0.352799
-0.256323
0.899906
-0.352799
-0.256323
0.899906
-0.352799
-0.41474
0.899906
-0.134757
-0.41474
0.899906
-0.134757
-0.41474
0.899906
-0.134757
-0.41474
0.899906
-0.134757
-0.41474
0.899906
-0.134757
-0.41474
0.899906
-0.134757
-0.41474
0.899906
0.134757
-0.41474
0.899906
0.134757
-0.41474
0.899906
0.134757
-0.41474
0.899906
0.134757
-0.41474
0.899906
0.134757
-0.41474
0.899906
0.134757
-0.256323
0.899906
0.352799
-0.256323
0.899906
0.352799
-0.256323
0.899906
0.352799
-0.256323
0.899906
0.352799
-0.256323
0.899906
0.352799
-0.256323
0.899906
0.352799
4.15882e-008
0.899906
0.436083
2.07941e-008
0.899906
0.436083
2.07941e-008
0.899906
0.436083
2.07941e-008
0.899906
0.436083
2.07941e-008
0.899906
0.436083
-0
0.899906
0.436083
0.256323
0.899906
0.352799
0.256323
0.899906
0.352799
0.256323
0.899906
0.352799
0.256323
0.899906
0.352799
0.256323
0.899906
0.352799
0.256323
0.899906
0.352799
0.41474
0.899906
0.134757
0.41474
0.899906
0.134757
0.41474
0.899906
0.134757
0.41474
0.899906
0.134757
0.41474
0.899906
0.134757
0.41474
0.899907
0.134757
0.41474
0.899906
-0.134757
0.41474
0.899906
-0.134757
0.41474
0.899906
-0.134757
0.41474
0.899906
-0.134757
0.41474
0.899906
-0.134757
0.414741
0.899906
-0.134757
0.0875519
0.988844
-0.120505
0.0875517
0.988845
-0.120505
0.0875518
0.988844
-0.120505
0.0875518
0.988844
-0.120505
0.0875517
0.988845
-0.120505
0.0875517
0.988845
-0.120505
-4.83345e-008
0.988845
-0.148952
-3.56595e-008
0.988845
-0.148952
-3.56595e-008
0.988844
-0.148952
-3.56595e-008
0.988844
-0.148952
-3.56595e-008
0.988845
-0.148952
-2.29845e-008
0.988844
-0.148952
-0.0875519
0.988844
-0.120505
-0.0875518
0.988845
-0.120505
-0.0875519
0.988844
-0.120505
-0.0875519
0.988844
-0.120505
-0.0875518
0.988845
-0.120505
-0.0875517
0.988845
-0.120505
-0.141662
0.988844
-0.0460287
-0.141662
0.988844
-0.0460286
-0.141662
0.988845
-0.0460287
-0.141662
0.988845
-0.0460287
-0.141662
0.988844
-0.0460286
-0.141661
0.988845
-0.0460286
-0.141662
0.988845
0.0460286
-0.141662
0.988845
0.0460287
-0.141662
0.988844
0.0460286
-0.141662
0.988844
0.0460286
-0.141662
0.988845
0.0460287
-0.141662
0.988844
0.0460287
-0.0875516
0.988844
0.120505
-0.0875518
0.988844
0.120505
-0.0875517
0.988844
0.120505
-0.0875517
0.988844
0.120505
-0.0875518
0.988844
0.120505
-0.0875519
0.988844
0.120505
-0
0.988845
0.148952
-0
0.988844
0.148952
-0
0.988844
0.148952
-0
0.988844
0.148952
-0
0.988844
0.148952
-0
0.988844
0.148952
0.0875519
0.988844
0.120505
0.0875517
0.988844
0.120505
0.0875518
0.988845
0.120505
0.0875518
0.988845
0.120505
0.0875517
0.988844
0.120505
0.0875517
0.988845
0.120505
0.141662
0.988844
0.0460287
0.141662
0.988844
0.0460288
0.141662
0.988844
0.0460287
0.141662
0.988844
0.0460287
0.141662
0.988844
0.0460288
0.141662
0.988844
0.0460288
0.141661
0.988845
-0.0460286
0.141662
0.988844
-0.0460287
0.141662
0.988845
-0.0460286
0.141662
0.988845
-0.0460286
0.141662
0.988844
-0.0460287
0.141662
0.988844
-0.0460288
-0.0875517
0.988844
0.120505
-0.0875518
0.988845
0.120505
-0.0875517
0.988844
0.120505
-0.0875517
0.988844
0.120505
-0.0875518
0.988845
0.120505
-0.0875518
0.988844
0.120505
2.29844e-008
0.988844
0.148952
3.56595e-008
0.988844
0.148952
3.56595e-008
0.988845
0.148952
3.56595e-008
0.988845
0.148952
3.56595e-008
0.988844
0.148952
4.83346e-008
0.988845
0.148952
0.0875519
0.988844
0.120505
0.0875518
0.988845
0.120505
0.0875518
0.988844
0.120505
0.0875518
0.988844
0.120505
0.0875518
0.988845
0.120505
0.0875517
0.988845
0.120505
0.141662
0.988844
0.0460286
0.141662
0.988845
0.0460287
0.141662
0.988845
0.0460286
0.141662
0.988845
0.0460286
0.141662
0.988845
0.0460287
0.141662
0.988844
0.0460287
0.141661
0.988845
-0.0460286
0.141662
0.988845
-0.0460287
0.141662
0.988845
-0.0460286
0.141662
0.988845
-0.0460286
0.141662
0.988845
-0.0460287
0.141662
0.988844
-0.0460287
0.0875518
0.988844
-0.120505
0.0875517
0.988845
-0.120505
0.0875518
0.988844
-0.120505
0.0875518
0.988844
-0.120505
0.0875517
0.988845
-0.120505
0.0875517
0.988845
-0.120505
0
0.988844
-0.148952
0
0.988845
-0.148952
0
0.988844
-0.148952
0
0.988844
-0.148952
0
0.988845
-0.148952
0
0.988844
-0.148952
-0.0875518
0.988844
-0.120505
-0.0875518
0.988845
-0.120505
-0.0875518
0.988844
-0.120505
-0.0875518
0.988844
-0.120505
-0.0875518
0.988845
-0.120505
-0.0875518
0.988845
-0.120505
-0.141662
0.988845
-0.0460286
-0.141662
0.988844
-0.0460288
-0.141662
0.988844
-0.0460287
-0.141662
0.988844
-0.0460287
-0.141662
0.988844
-0.0460288
-0.141662
0.988844
-0.0460289
-0.141662
0.988844
0.0460288
-0.141662
0.988844
0.0460286
-0.141662
0.988844
0.0460287
-0.141662
0.988844
0.0460287
-0.141662
0.988844
0.0460286
-0.141661
0.988845
0.0460286
-0.256323
0.899906
0.352799
-0.256324
0.899906
0.352799
-0.256323
0.899906
0.352799
-0.256323
0.899906
0.352799
-0.256324
0.899906
0.352799
-0.256324
0.899906
0.352799
1.41508e-007
0.899906
0.436084
1.12342e-007
0.899906
0.436083
1.12342e-007
0.899906
0.436084
1.12342e-007
0.899906
0.436084
1.12342e-007
0.899906
0.436083
8.31763e-008
0.899906
0.436083
0.256323
0.899906
0.352799
0.256323
0.899906
0.352799
0.256323
0.899906
0.352799
0.256323
0.899906
0.352799
0.256323
0.899906
0.352799
0.256324
0.899906
0.352799
0.41474
0.899906
0.134757
0.41474
0.899906
0.134757
0.41474
0.899906
0.134757
0.41474
0.899906
0.134757
0.41474
0.899906
0.134757
0.41474
0.899906
0.134757
0.41474
0.899906
-0.134757
0.41474
0.899906
-0.134757
0.41474
0.899906
-0.134757
0.41474
0.899906
-0.134757
0.41474
0.899906
-0.134757
0.41474
0.899906
-0.134757
0.256324
0.899906
-0.352799
0.256323
0.899906
-0.352799
0.256323
0.899906
-0.352799
0.256323
0.899906
-0.352799
0.256323
0.899906
-0.352799
0.256323
0.899906
-0.352799
0
0.899906
-0.436083
-2.07941e-008
0.899906
-0.436083
-2.07941e-008
0.899906
-0.436083
-2.07941e-008
0.899906
-0.436083
-2.07941e-008
0.899906
-0.436083
-4.15882e-008
0.899906
-0.436084
-0.256323
0.899906
-0.352799
-0.256323
0.899906
-0.352799
-0.256323
0.899906
-0.352799
-0.256323
0.899906
-0.352799
-0.256323
0.899906
-0.352799
-0.256323
0.899906
-0.352799
-0.41474
0.899906
-0.134757
-0.41474
0.899906
-0.134757
-0.41474
0.899906
-0.134757
-0.41474
0.899906
-0.134757
-0.41474
0.899906
-0.134757
-0.41474
0.899906
-0.134757
-0.41474
0.899906
0.134757
-0.41474
0.899906
0.134757
-0.41474
0.899906
0.134757
-0.41474
0.899906
0.134757
-0.41474
0.899906
0.134757
-0.41474
0.899906
0.134757
-0.405073
0.724617
0.557536
-0.405073
0.724617
0.557535
-0.405073
0.724617
0.557536
-0.405073
0.724617
0.557536
-0.405073
0.724617
0.557535
-0.405073
0.724617
0.557535
1.31445e-007
0.724617
0.689152
1.10952e-007
0.724617
0.689152
1.10952e-007
0.724617
0.689152
1.10952e-007
0.724617
0.689152
1.10952e-007
0.724617
0.689152
9.04594e-008
0.724617
0.689152
0.405073
0.724617
0.557535
0.405073
0.724617
0.557535
0.405073
0.724617
0.557535
0.405073
0.724617
0.557535
0.405073
0.724617
0.557535
0.405073
0.724617
0.557535
0.655422
0.724617
0.212959
0.655422
0.724617
0.212959
0.655422
0.724617
0.212959
0.655422
0.724617
0.212959
0.655422
0.724617
0.212959
0.655423
0.724617
0.21296
0.655422
0.724617
-0.21296
0.655422
0.724617
-0.21296
0.655422
0.724617
-0.21296
0.655422
0.724617
-0.21296
0.655422
0.724617
-0.21296
0.655422
0.724617
-0.21296
0.405073
0.724617
-0.557536
0.405073
0.724617
-0.557536
0.405073
0.724617
-0.557536
0.405073
0.724617
-0.557536
0.405073
0.724617
-0.557536
0.405073
0.724617
-0.557536
-6.57226e-008
0.724617
-0.689152
-7.8091e-008
0.724617
-0.689152
-7.8091e-008
0.724617
-0.689152
-7.8091e-008
0.724617
-0.689152
-7.8091e-008
0.724617
-0.689152
-9.04595e-008
0.724617
-0.689152
-0.405073
0.724617
-0.557536
-0.405073
0.724617
-0.557536
-0.405073
0.724617
-0.557536
-0.405073
0.724617
-0.557536
-0.405073
0.724617
-0.557536
-0.405073
0.724617
-0.557535
-0.655422
0.724617
-0.21296
-0.655422
0.724617
-0.21296
-0.655422
0.724617
-0.21296
-0.655422
0.724617
-0.21296
-0.655422
0.724617
-0.21296
-0.655422
0.724617
-0.21296
-0.655423
0.724617
0.21296
-0.655423
0.724617
0.21296
-0.655423
0.724617
0.21296
-0.655423
0.724617
0.21296
-0.655423
0.724617
0.21296
-0.655423
0.724617
0.21296
-0.518114
0.472243
0.713123
-0.518114
0.472244
0.713123
-0.518114
0.472244
0.713123
-0.518114
0.472244
0.713123
-0.518114
0.472244
0.713123
-0.518114
0.472244
0.713122
1.15703e-007
0.472244
0.881468
1.67892e-007
0.472243
0.881468
1.67892e-007
0.472243
0.881468
1.67892e-007
0.472243
0.881468
1.67892e-007
0.472243
0.881468
2.20081e-007
0.472243
0.881468
0.518114
0.472243
0.713123
0.518114
0.472244
0.713123
0.518114
0.472244
0.713123
0.518114
0.472244
0.713123
0.518114
0.472244
0.713123
0.518114
0.472244
0.713122
0.838326
0.472244
0.272388
0.838326
0.472244
0.272388
0.838326
0.472244
0.272388
0.838326
0.472244
0.272388
0.838326
0.472244
0.272388
0.838326
0.472244
0.272389
0.838326
0.472244
-0.272389
0.838326
0.472244
-0.272389
0.838326
0.472244
-0.272389
0.838326
0.472244
-0.272389
0.838326
0.472244
-0.272389
0.838326
0.472244
-0.272389
0.518114
0.472244
-0.713123
0.518114
0.472244
-0.713123
0.518114
0.472244
-0.713123
0.518114
0.472244
-0.713123
0.518114
0.472244
-0.713123
0.518114
0.472244
-0.713123
-1.15703e-007
0.472243
-0.881468
-1.12872e-007
0.472244
-0.881468
-1.12872e-007
0.472244
-0.881468
-1.12872e-007
0.472244
-0.881468
-1.12872e-007
0.472244
-0.881468
-1.1004e-007
0.472244
-0.881468
-0.518114
0.472244
-0.713123
-0.518114
0.472244
-0.713123
-0.518114
0.472244
-0.713123
-0.518114
0.472244
-0.713123
-0.518114
0.472244
-0.713123
-0.518114
0.472244
-0.713123
-0.838326
0.472244
-0.272389
-0.838326
0.472244
-0.272389
-0.838326
0.472244
-0.272389
-0.838326
0.472244
-0.272389
-0.838326
0.472244
-0.272389
-0.838326
0.472244
-0.272389
-0.838326
0.472244
0.272388
-0.838326
0.472244
0.272388
-0.838326
0.472244
0.272388
-0.838326
0.472244
0.272388
-0.838326
0.472244
0.272388
-0.838326
0.472244
0.272388
0.5798
0.164273
-0.798027
0.5798
0.164273
-0.798027
0.5798
0.164273
-0.798027
-2.46283e-007
0.164273
-0.986415
-2.46283e-007
0.164273
-0.986415
-2.46283e-007
0.164273
-0.986415
-0.5798
0.164273
-0.798027
-0.5798
0.164273
-0.798027
-0.5798
0.164273
-0.798027
-0.938136
0.164273
-0.304819
-0.938136
0.164273
-0.304819
-0.938137
0.164273
-0.304819
-0.938136
0.164273
0.304819
-0.938136
0.164273
0.304819
-0.938136
0.164273
0.304819
-0.5798
0.164273
0.798027
-0.5798
0.164273
0.798027
-0.5798
0.164273
0.798027
1.23142e-007
0.164273
0.986415
1.23142e-007
0.164273
0.986415
1.23142e-007
0.164273
0.986415
0.5798
0.164273
0.798027
0.5798
0.164273
0.798027
0.5798
0.164273
0.798027
0.938136
0.164273
0.304819
0.938136
0.164273
0.304819
0.938136
0.164273
0.304819
0.938137
0.164273
-0.304819
0.938137
0.164273
-0.304819
0.938136
0.164273
-0.304819
-0.5798
0.164273
0.798027
-0.5798
0.164273
0.798027
-0.5798
0.164273
0.798027
2.46283e-007
0.164273
0.986415
2.46283e-007
0.164273
0.986415
2.46283e-007
0.164273
0.986415
0.5798
0.164273
0.798027
0.5798
0.164273
0.798027
0.5798
0.164273
0.798027
0.938136
0.164273
0.304819
0.938136
0.164273
0.304819
0.938137
0.164273
0.304819
0.938136
0.164273
-0.304819
0.938136
0.164273
-0.304819
0.938136
0.164273
-0.304819
0.5798
0.164273
-0.798027
0.5798
0.164273
-0.798027
0.5798
0.164273
-0.798027
-1.23142e-007
0.164273
-0.986415
-1.23142e-007
0.164273
-0.986415
-1.23142e-007
0.164273
-0.986415
-0.5798
0.164273
-0.798027
-0.5798
0.164273
-0.798027
-0.5798
0.164273
-0.798027
-0.938136
0.164273
-0.304819
-0.938136
0.164273
-0.304819
-0.938136
0.164273
-0.304819
-0.938136
0.164273
0.304819
-0.938136
0.164273
0.304819
-0.938136
0.164273
0.304819
5
0
0 / 0 / 0
1 / 1 / 1
10 / 11 / 2
10 / 11 / 2
1 / 1 / 1
11 / 12 / 3
1 / 1 / 4
2 / 2 / 5
11 / 12 / 6
11 / 12 / 6
2 / 2 / 5
12 / 13 / 7
2 / 2 / 8
3 / 3 / 9
12 / 13 / 10
12 / 13 / 10
3 / 3 / 9
13 / 14 / 11
3 / 3 / 12
4 / 4 / 13
13 / 14 / 14
13 / 14 / 14
4 / 4 / 13
14 / 15 / 15
4 / 4 / 16
5 / 5 / 17
14 / 15 / 18
14 / 15 / 18
5 / 5 / 17
15 / 16 / 19
5 / 5 / 20
6 / 6 / 21
15 / 16 / 22
15 / 16 / 22
6 / 6 / 21
16 / 17 / 23
6 / 6 / 24
7 / 7 / 25
16 / 17 / 26
16 / 17 / 26
7 / 7 / 25
17 / 18 / 27
7 / 7 / 28
8 / 8 / 29
17 / 18 / 30
17 / 18 / 30
8 / 8 / 29
18 / 19 / 31
8 / 8 / 32
9 / 9 / 33
18 / 19 / 34
18 / 19 / 34
9 / 9 / 33
19 / 20 / 35
9 / 9 / 36
0 / 10 / 37
19 / 20 / 38
19 / 20 / 38
0 / 10 / 37
10 / 21 / 39
10 / 11 / 40
11 / 12 / 41
20 / 22 / 42
20 / 22 / 42
11 / 12 / 41
21 / 23 / 43
11 / 12 / 44
12 / 13 / 45
21 / 23 / 46
21 / 23 / 46
12 / 13 / 45
22 / 24 / 47
12 / 13 / 48
13 / 14 / 49
22 / 24 / 50
22 / 24 / 50
13 / 14 / 49
23 / 25 / 51
13 / 14 / 52
14 / 15 / 53
23 / 25 / 54
23 / 25 / 54
14 / 15 / 53
24 / 26 / 55
14 / 15 / 56
15 / 16 / 57
24 / 26 / 58
24 / 26 / 58
15 / 16 / 57
25 / 27 / 59
15 / 16 / 60
16 / 17 / 61
25 / 27 / 62
25 / 27 / 62
16 / 17 / 61
26 / 28 / 63
16 / 17 / 64
17 / 18 / 65
26 / 28 / 66
26 / 28 / 66
17 / 18 / 65
27 / 29 / 67
17 / 18 / 68
18 / 19 / 69
27 / 29 / 70
27 / 29 / 70
18 / 19 / 69
28 / 30 / 71
18 / 19 / 72
19 / 20 / 73
28 / 30 / 74
28 / 30 / 74
19 / 20 / 73
29 / 31 / 75
19 / 20 / 76
10 / 21 / 77
29 / 31 / 78
29 / 31 / 78
10 / 21 / 77
20 / 32 / 79
20 / 22 / 80
21 / 23 / 81
30 / 33 / 82
30 / 33 / 82
21 / 23 / 81
31 / 34 / 83
21 / 23 / 84
22 / 24 / 85
31 / 34 / 86
31 / 34 / 86
22 / 24 / 85
32 / 35 / 87
22 / 24 / 88
23 / 25 / 89
32 / 35 / 90
32 / 35 / 90
23 / 25 / 89
33 / 36 / 91
23 / 25 / 92
24 / 26 / 93
33 / 36 / 94
33 / 36 / 94
24 / 26 / 93
34 / 37 / 95
24 / 26 / 96
25 / 27 / 97
34 / 37 / 98
34 / 37 / 98
25 / 27 / 97
35 / 38 / 99
25 / 27 / 100
26 / 28 / 101
35 / 38 / 102
35 / 38 / 102
26 / 28 / 101
36 / 39 / 103
26 / 28 / 104
27 / 29 / 105
36 / 39 / 106
36 / 39 / 106
27 / 29 / 105
37 / 40 / 107
27 / 29 / 108
28 / 30 / 109
37 / 40 / 110
37 / 40 / 110
28 / 30 / 109
38 / 41 / 111
28 / 30 / 112
29 / 31 / 113
38 / 41 / 114
38 / 41 / 114
29 / 31 / 113
39 / 42 / 115
29 / 31 / 116
20 / 32 / 117
39 / 42 / 118
39 / 42 / 118
20 / 32 / 117
30 / 43 / 119
30 / 33 / 120
31 / 34 / 121
40 / 44 / 122
40 / 44 / 122
31 / 34 / 121
41 / 45 / 123
31 / 34 / 124
32 / 35 / 125
41 / 45 / 126
41 / 45 / 126
32 / 35 / 125
42 / 46 / 127
32 / 35 / 128
33 / 36 / 129
42 / 46 / 130
42 / 46 / 130
33 / 36 / 129
43 / 47 / 131
33 / 36 / 132
34 / 37 / 133
43 / 47 / 134
43 / 47 / 134
34 / 37 / 133
44 / 48 / 135
34 / 37 / 136
35 / 38 / 137
44 / 48 / 138
44 / 48 / 138
35 / 38 / 137
45 / 49 / 139
35 / 38 / 140
36 / 39 / 141
45 / 49 / 142
45 / 49 / 142
36 / 39 / 141
46 / 50 / 143
36 / 39 / 144
37 / 40 / 145
46 / 50 / 146
46 / 50 / 146
37 / 40 / 145
47 / 51 / 147
37 / 40 / 148
38 / 41 / 149
47 / 51 / 150
47 / 51 / 150
38 / 41 / 149
48 / 52 / 151
38 / 41 / 152
39 / 42 / 153
48 / 52 / 154
48 / 52 / 154
39 / 42 / 153
49 / 53 / 155
39 / 42 / 156
30 / 43 / 157
49 / 53 / 158
49 / 53 / 158
30 / 43 / 157
40 / 54 / 159
40 / 44 / 160
41 / 45 / 161
50 / 55 / 162
50 / 55 / 162
41 / 45 / 161
51 / 56 / 163
41 / 45 / 164
42 / 46 / 165
51 / 56 / 166
51 / 56 / 166
42 / 46 / 165
52 / 57 / 167
42 / 46 / 168
43 / 47 / 169
52 / 57 / 170
52 / 57 / 170
43 / 47 / 169
53 / 58 / 171
43 / 47 / 172
44 / 48 / 173
53 / 58 / 174
53 / 58 / 174
44 / 48 / 173
54 / 59 / 175
44 / 48 / 176
45 / 49 / 177
54 / 59 / 178
54 / 59 / 178
45 / 49 / 177
55 / 60 / 179
45 / 49 / 180
46 / 50 / 181
55 / 60 / 182
55 / 60 / 182
46 / 50 / 181
56 / 61 / 183
46 / 50 / 184
47 / 51 / 185
56 / 61 / 186
56 / 61 / 186
47 / 51 / 185
57 / 62 / 187
47 / 51 / 188
48 / 52 / 189
57 / 62 / 190
57 / 62 / 190
48 / 52 / 189
58 / 63 / 191
48 / 52 / 192
49 / 53 / 193
58 / 63 / 194
58 / 63 / 194
49 / 53 / 193
59 / 64 / 195
49 / 53 / 196
40 / 54 / 197
59 / 64 / 198
59 / 64 / 198
40 / 54 / 197
50 / 65 / 199
50 / 55 / 200
51 / 56 / 201
60 / 66 / 202
60 / 66 / 202
51 / 56 / 201
61 / 67 / 203
51 / 56 / 204
52 / 57 / 205
61 / 67 / 206
61 / 67 / 206
52 / 57 / 205
62 / 68 / 207
52 / 57 / 208
53 / 58 / 209
62 / 68 / 210
62 / 68 / 210
53 / 58 / 209
63 / 69 / 211
53 / 58 / 212
54 / 59 / 213
63 / 69 / 214
63 / 69 / 214
54 / 59 / 213
64 / 70 / 215
54 / 59 / 216
55 / 60 / 217
64 / 70 / 218
64 / 70 / 218
55 / 60 / 217
65 / 71 / 219
55 / 60 / 220
56 / 61 / 221
65 / 71 / 222
65 / 71 / 222
56 / 61 / 221
66 / 72 / 223
56 / 61 / 224
57 / 62 / 225
66 / 72 / 226
66 / 72 / 226
57 / 62 / 225
67 / 73 / 227
57 / 62 / 228
58 / 63 / 229
67 / 73 / 230
67 / 73 / 230
58 / 63 / 229
68 / 74 / 231
58 / 63 / 232
59 / 64 / 233
68 / 74 / 234
68 / 74 / 234
59 / 64 / 233
69 / 75 / 235
59 / 64 / 236
50 / 65 / 237
69 / 75 / 238
69 / 75 / 238
50 / 65 / 237
60 / 76 / 239
60 / 66 / 240
61 / 67 / 241
70 / 77 / 242
70 / 77 / 242
61 / 67 / 241
71 / 78 / 243
61 / 67 / 244
62 / 68 / 245
71 / 78 / 246
71 / 78 / 246
62 / 68 / 245
72 / 79 / 247
62 / 68 / 248
63 / 69 / 249
72 / 79 / 250
72 / 79 / 250
63 / 69 / 249
73 / 80 / 251
63 / 69 / 252
64 / 70 / 253
73 / 80 / 254
73 / 80 / 254
64 / 70 / 253
74 / 81 / 255
64 / 70 / 256
65 / 71 / 257
74 / 81 / 258
74 / 81 / 258
65 / 71 / 257
75 / 82 / 259
65 / 71 / 260
66 / 72 / 261
75 / 82 / 262
75 / 82 / 262
66 / 72 / 261
76 / 83 / 263
66 / 72 / 264
67 / 73 / 265
76 / 83 / 266
76 / 83 / 266
67 / 73 / 265
77 / 84 / 267
67 / 73 / 268
68 / 74 / 269
77 / 84 / 270
77 / 84 / 270
68 / 74 / 269
78 / 85 / 271
68 / 74 / 272
69 / 75 / 273
78 / 85 / 274
78 / 85 / 274
69 / 75 / 273
79 / 86 / 275
69 / 75 / 276
60 / 76 / 277
79 / 86 / 278
79 / 86 / 278
60 / 76 / 277
70 / 87 / 279
70 / 77 / 280
71 / 78 / 281
80 / 88 / 282
80 / 88 / 282
71 / 78 / 281
81 / 89 / 283
71 / 78 / 284
72 / 79 / 285
81 / 89 / 286
81 / 89 / 286
72 / 79 / 285
82 / 90 / 287
72 / 79 / 288
73 / 80 / 289
82 / 90 / 290
82 / 90 / 290
73 / 80 / 289
83 / 91 / 291
73 / 80 / 292
74 / 81 / 293
83 / 91 / 294
83 / 91 / 294
74 / 81 / 293
84 / 92 / 295
74 / 81 / 296
75 / 82 / 297
84 / 92 / 298
84 / 92 / 298
75 / 82 / 297
85 / 93 / 299
75 / 82 / 300
76 / 83 / 301
85 / 93 / 302
85 / 93 / 302
76 / 83 / 301
86 / 94 / 303
76 / 83 / 304
77 / 84 / 305
86 / 94 / 306
86 / 94 / 306
77 / 84 / 305
87 / 95 / 307
77 / 84 / 308
78 / 85 / 309
87 / 95 / 310
87 / 95 / 310
78 / 85 / 309
88 / 96 / 311
78 / 85 / 312
79 / 86 / 313
88 / 96 / 314
88 / 96 / 314
79 / 86 / 313
89 / 97 / 315
79 / 86 / 316
70 / 87 / 317
89 / 97 / 318
89 / 97 / 318
70 / 87 / 317
80 / 98 / 319
1 / 1 / 320
0 / 0 / 321
90 / 99 / 322
2 / 2 / 323
1 / 1 / 324
90 / 100 / 325
3 / 3 / 326
2 / 2 / 327
90 / 101 / 328
4 / 4 / 329
3 / 3 / 330
90 / 102 / 331
5 / 5 / 332
4 / 4 / 333
90 / 103 / 334
6 / 6 / 335
5 / 5 / 336
90 / 104 / 337
7 / 7 / 338
6 / 6 / 339
90 / 105 / 340
8 / 8 / 341
7 / 7 / 342
90 / 106 / 343
9 / 9 / 344
8 / 8 / 345
90 / 107 / 346
0 / 10 / 347
9 / 9 / 348
90 / 108 / 349
80 / 88 / 350
81 / 89 / 351
91 / 109 / 352
81 / 89 / 353
82 / 90 / 354
91 / 110 / 355
82 / 90 / 356
83 / 91 / 357
91 / 111 / 358
83 / 91 / 359
84 / 92 / 360
91 / 112 / 361
84 / 92 / 362
85 / 93 / 363
91 / 113 / 364
85 / 93 / 365
86 / 94 / 366
91 / 114 / 367
86 / 94 / 368
87 / 95 / 369
91 / 115 / 370
87 / 95 / 371
88 / 96 / 372
91 / 116 / 373
88 / 96 / 374
89 / 97 / 375
91 / 117 / 376
89 / 97 / 377
80 / 98 / 378
91 / 118 / 379
pSphereShape1
