Number of groups: 7
Number of meshes: 1
Number of materials: 2
Number of cameras: 4
Number of lights: 0
Number of joints: 0
Number of nurbSurfices: 1
Number of animation curves: 0
Number of skins: 0
Number of morph animations: 0

Material type: 0
Normal depth: 0
Specular: 0 0 0
Specular factor: 0
Shininess: 0
Reflection: 0 0 0
Reflection factor: 0
Ambient: 0 0 0
Diffuse: 0.5 0.5 0.5
Diffuse factor: 0.8
Transparency color: 0 0 0
Incandescence: 0 0 0

lambert1
Material type: 1
Normal depth: 0
Specular: 0.162387 0.162387 0.162387
Specular factor: 0.3
Shininess: 0.7
Reflection: 0 0 0
Reflection factor: 0.136752
Ambient: 0.162387 0.162387 0.162387
Diffuse: 0 0 0
Diffuse factor: 0.8
Transparency color: 0 0 0
Incandescence: 0 0 0

blinn1
Zbrush_PowerUp.dds
Transform name length: 21
ParentID: -1
Position: 0 0 0.707107
Rotation: 0.707107 0 0 0.707107
Scale: 12 12 1

groundPlane_transform
Transform name length: 5
ParentID: -1
Position: 19.9295 11.1232 0.194227
Rotation: 0.194227 -0.426499 -0.0943118 -0.878339
Scale: 1 1 1

persp
Transform name length: 3
ParentID: -1
Position: 0 100.1 -0.707107
Rotation: -0.707107 0 0 0.707107
Scale: 1 1 1

top
Transform name length: 5
ParentID: -1
Position: 0 0 0
Rotation: 0 0 0 1
Scale: 1 1 1

front
Transform name length: 4
ParentID: -1
Position: 100.1 0 0
Rotation: 0 0.707107 0 0.707107
Scale: 1 1 1

side
Transform name length: 6
ParentID: -1
Position: 0 0 0
Rotation: 0 0 0 1
Scale: 0.3 0.3 0.3

pCube1
Transform name length: 12
ParentID: -1
Position: 0 0 0
Rotation: 0 0 0 1
Scale: 1 1 1

nurbsSphere1
Camera name length: 10
Number of parents: 1
CAMERA
Position: 0 0 0
Up Vector: 0 1 0
Intrest position: 0 0 -1
FOV X: 0.950022
FOV Y: 0.660595
Near Plane: 0.1
Far Plane: 10000
Projection type: 0

1
perspShape
Camera name length: 8
Number of parents: 1
CAMERA
Position: 0 0 0
Up Vector: 0 1 0
Intrest position: 0 0 -1
FOV X: 0.950022
FOV Y: 0.660595
Near Plane: 0.1
Far Plane: 10000
Projection type: 1

2
topShape
Camera name length: 10
Number of parents: 1
CAMERA
Position: 0 0 0
Up Vector: 0 1 0
Intrest position: 0 0 -1
FOV X: 0.950022
FOV Y: 0.660595
Near Plane: 0.1
Far Plane: 10000
Projection type: 1

3
frontShape
Camera name length: 9
Number of parents: 1
CAMERA
Position: 0 0 0
Up Vector: 0 1 0
Intrest position: 0 0 -1
FOV X: 0.950022
FOV Y: 0.660595
Near Plane: 0.1
Far Plane: 10000
Projection type: 1

4
sideShape
NURB
 Nurb name lengtht: 17
 Number of nurbs: 1
Radius: 0.6

6
nurbsSphereShape1
Name Length: 11
Vertex Count: 48
Indices Count: 276
Position Count: 48
Uv Count: 128
Normal Count: 192
tangent Count: 276
bi-Tangent Count: 276
Material Count: 1
Transform Count: 1
Transform id: 

-1.25
-1.00003
1.00003
-1.00003
-1.25
1.00003
-1.00003
-1.00003
1.25
1.00003
-1.25
1.00003
1.25
-1.00003
1.00003
1.00003
-1.00003
1.25
-1.00003
1.25
1.00003
-1.25
1.00003
1.00003
-1.00003
1.00003
1.25
1.25
1.00003
1.00003
1.00003
1.25
1.00003
1.00003
1.00003
1.25
-1.00003
1.00003
-1.25
-1.25
1.00003
-1.00003
-1.00003
1.25
-1.00003
1.25
1.00003
-1.00003
1.00003
1.00003
-1.25
1.00003
1.25
-1.00003
-1.00003
-1.25
-1.00003
-1.25
-1.00003
-1.00003
-1.00003
-1.00003
-1.25
1.25
-1.00003
-1.00003
1.00003
-1.25
-1.00003
1.00003
-1.00003
-1.25
-1.12377
-1.49749
1.12377
-1.49749
-1.12377
1.12377
-1.49749
-1.12377
-1.12377
-1.12377
-1.49749
-1.12377
-1.12377
-1.12377
1.49749
1.12377
-1.49749
1.12377
1.12377
-1.12377
1.49749
-1.12377
1.12377
1.49749
-1.49749
1.12377
1.12377
1.49749
-1.12377
1.12377
1.12377
-1.49749
-1.12377
1.49749
-1.12377
-1.12377
1.49749
1.12377
1.12377
1.12377
1.12377
1.49749
-1.12377
1.49749
1.12377
-1.12377
1.49749
-1.12377
-1.49749
1.12377
-1.12377
1.12377
1.49749
1.12377
1.49749
1.12377
-1.12377
1.12377
1.49749
-1.12377
-1.12377
1.12377
-1.49749
-1.12377
-1.12377
-1.49749
1.12377
1.12377
-1.49749
1.12377
-1.12377
-1.49749
0.0253032
0.519952
0.251169
0.519952
0.251169
0.745818
0.0253032
0.745818
0.251169
0.758976
0.251169
0.984842
0.0253032
0.984842
0.0253032
0.758976
0.489891
0.984842
0.264025
0.984842
0.264025
0.758976
0.489891
0.758976
0.726819
0.758976
0.726819
0.984842
0.500952
0.984842
0.500952
0.758976
0.965626
0.758976
0.965626
0.984842
0.73976
0.984842
0.73976
0.758976
0.251169
0.279893
0.251169
0.505759
0.0253034
0.505759
0.0253034
0.279893
0.131775
0.25655
0.131775
0.0306841
0.159724
0.0167097
0.159724
0.270525
0.248396
0.0306841
0.248396
0.25655
0.220446
0.270525
0.220446
0.0167098
0.372397
0.0306844
0.372397
0.256551
0.344447
0.270525
0.344447
0.0167096
0.255776
0.25655
0.255776
0.0306835
0.283725
0.0167097
0.283725
0.270525
0.609493
0.387123
0.609491
0.651259
0.573945
0.667892
0.573946
0.371856
0.464236
0.651259
0.464237
0.387123
0.499784
0.371857
0.499782
0.667892
0.496574
0.0306835
0.496574
0.25655
0.468625
0.270525
0.468625
0.0167092
0.379954
0.25655
0.379953
0.030684
0.407903
0.0167091
0.407902
0.270525
0.783894
0.387123
0.783892
0.651259
0.748346
0.667892
0.748347
0.371856
0.638637
0.651259
0.638637
0.387123
0.674184
0.371857
0.674183
0.667892
0.621007
0.030684
0.621007
0.25655
0.593058
0.270525
0.593058
0.0167097
0.504386
0.256551
0.504386
0.0306844
0.532336
0.0167095
0.532336
0.270524
0.874661
0.25655
0.874661
0.0306843
0.902611
0.0167091
0.902611
0.270524
0.991282
0.030684
0.991282
0.25655
0.963333
0.270525
0.963333
0.0167092
0.750767
0.25655
0.750767
0.0306837
0.778717
0.0167095
0.778717
0.270524
0.867388
0.0306835
0.867388
0.25655
0.839439
0.270525
0.839439
0.0167097
0.811066
0.651259
0.811068
0.387123
0.846614
0.371857
0.846613
0.667892
0.956324
0.387123
0.956323
0.651259
0.920776
0.667892
0.920777
0.371856
0.745695
0.0306839
0.745695
0.25655
0.717746
0.270525
0.717746
0.0167093
0.629074
0.25655
0.629074
0.0306842
0.657024
0.0167091
0.657024
0.270524
0.29082
0.651259
0.290822
0.387123
0.326368
0.371857
0.326367
0.667892
0.436077
0.387123
0.436076
0.651259
0.400529
0.667892
0.400531
0.371856
0.00810218
0.25655
0.00810111
0.0306844
0.0360506
0.0167095
0.036051
0.270525
0.124722
0.0306842
0.124721
0.25655
0.0967721
0.270525
0.0967727
0.0167097
0.364352
0.303581
0.537768
0.303581
0.884599
0.303581
0.537552
0.735185
0.884382
0.735185
0.364136
0.735185
0.711952
0.735185
0.712169
0.303581
0
-1
0
0
-1
0
0
-1
0
0
-1
0
0
0
1
0
0
1
0
0
1
0
0
1
-1
0
0
-1
0
0
-1
0
0
-1
0
0
1
0
0
1
0
0
1
0
0
1
0
0
0
1
0
0
1
0
0
1
0
0
1
0
0
0
-1
0
0
-1
0
0
-1
0
0
-1
-0.707107
-0.707107
1.00356e-007
-0.707107
-0.707107
8.56004e-008
-0.707107
-0.707107
1.47556e-008
-0.707107
-0.707107
0
0
-0.707107
0.707107
0
-0.707107
0.707107
0
-0.707107
0.707107
0
-0.707107
0.707107
-0.707107
0
0.707107
-0.707107
0
0.707107
-0.707107
0
0.707107
-0.707107
0
0.707107
0.707107
-0.707107
0
0.707107
-0.707107
1.47556e-008
0.707107
-0.707107
8.56004e-008
0.707107
-0.707107
1.00356e-007
0.707107
0
0.707107
0.707107
0
0.707107
0.707107
0
0.707107
0.707107
0
0.707107
-0.707107
0.707107
0
-0.707107
0.707107
1.47556e-008
-0.707107
0.707107
8.56004e-008
-0.707107
0.707107
1.00356e-007
0
0.707107
0.707107
0
0.707107
0.707107
0
0.707107
0.707107
0
0.707107
0.707107
0.707107
0.707107
1.00356e-007
0.707107
0.707107
8.56004e-008
0.707107
0.707107
1.47556e-008
0.707107
0.707107
0
-0.707107
0
-0.707107
-0.707107
0
-0.707107
-0.707107
0
-0.707107
-0.707107
0
-0.707107
0
0.707107
-0.707107
0
0.707107
-0.707107
0
0.707107
-0.707107
0
0.707107
-0.707107
0.707107
0
-0.707107
0.707107
0
-0.707107
0.707107
0
-0.707107
0.707107
0
-0.707107
0
-0.707107
-0.707107
0
-0.707107
-0.707107
0
-0.707107
-0.707107
0
-0.707107
-0.707107
-0.57735
-0.57735
0.57735
-0.57735
-0.57735
0.57735
-0.57735
-0.57735
0.57735
0.57735
-0.57735
0.57735
0.57735
-0.57735
0.57735
0.57735
-0.57735
0.57735
-0.57735
0.57735
0.57735
-0.57735
0.57735
0.57735
-0.57735
0.57735
0.57735
0.57735
0.57735
0.57735
0.57735
0.57735
0.57735
0.57735
0.57735
0.57735
-0.57735
0.57735
-0.57735
-0.57735
0.57735
-0.57735
-0.57735
0.57735
-0.57735
0.57735
0.57735
-0.57735
0.57735
0.57735
-0.57735
0.57735
0.57735
-0.57735
-0.57735
-0.57735
-0.57735
-0.57735
-0.57735
-0.57735
-0.57735
-0.57735
-0.57735
0.57735
-0.57735
-0.57735
0.57735
-0.57735
-0.57735
0.57735
-0.57735
-0.57735
-0.447214
0.894427
0
-0.447213
0.894427
0
-0.447214
0.894427
0
-0.447213
0.894427
0
0.894427
-0.447213
0
0.894427
-0.447214
4.51275e-008
0.894427
-0.447213
5.98206e-009
0.894427
-0.447214
4.7922e-008
0
-0.447214
-0.894427
0
-0.447213
-0.894427
0
-0.447214
-0.894427
0
-0.447213
-0.894427
0
0.894427
0.447213
0
0.894427
0.447214
0
0.894427
0.447213
0
0.894427
0.447214
0.894427
0
0.447214
0.894427
0
0.447213
0.894427
0
0.447214
0.894427
0
0.447213
-0.447213
0
-0.894427
-0.447214
0
-0.894427
-0.447213
0
-0.894427
-0.447214
0
-0.894427
-0.894427
-0.447213
0
-0.894427
-0.447214
4.51275e-008
-0.894427
-0.447213
5.98207e-009
-0.894427
-0.447214
4.7922e-008
0.447214
0.894427
0
0.447213
0.894427
0
0.447214
0.894427
0
0.447213
0.894427
0
0.447213
0
-0.894427
0.447214
0
-0.894427
0.447213
0
-0.894427
0.447214
0
-0.894427
-0.894427
0
0.447214
-0.894427
0
0.447213
-0.894427
0
0.447214
-0.894427
0
0.447213
0.894427
0.447213
0
0.894427
0.447214
4.51275e-008
0.894427
0.447213
5.98207e-009
0.894427
0.447214
4.7922e-008
-0.447214
-0.894427
0
-0.447213
-0.894427
0
-0.447214
-0.894427
0
-0.447213
-0.894427
0
0
-0.894427
0.447213
0
-0.894427
0.447214
0
-0.894427
0.447213
0
-0.894427
0.447214
0
0.447214
-0.894427
0
0.447213
-0.894427
0
0.447214
-0.894427
0
0.447213
-0.894427
0.447214
-0.894427
0
0.447213
-0.894427
0
0.447214
-0.894427
0
0.447213
-0.894427
0
-0.894427
0.447213
0
-0.894427
0.447214
4.51275e-008
-0.894427
0.447213
5.98206e-009
-0.894427
0.447214
4.7922e-008
0.894427
0
-0.447213
0.894427
0
-0.447214
0.894427
0
-0.447213
0.894427
0
-0.447214
-0.447213
0
0.894427
-0.447214
0
0.894427
-0.447213
0
0.894427
-0.447214
0
0.894427
0
0.447213
0.894427
0
0.447213
0.894427
0
0.447213
0.894427
0
0.447213
0.894427
0
-0.894427
-0.447214
0
-0.894427
-0.447214
0
-0.894427
-0.447214
0
-0.894427
-0.447214
0.447213
0
0.894427
0.447214
0
0.894427
0.447213
0
0.894427
0.447214
0
0.894427
-0.894427
0
-0.447213
-0.894427
0
-0.447214
-0.894427
0
-0.447213
-0.894427
0
-0.447214
0
0.894427
-0.447214
0
0.894427
-0.447214
0
0.894427
-0.447214
0
0.894427
-0.447214
0
-0.447213
0.894427
0
-0.447213
0.894427
0
-0.447213
0.894427
0
-0.447213
0.894427
1
0
0
1
0
0
1
0
0
1
0
0
1
0
0
1
0
0
1
0
0
1
0
0
1
0
0
1
0
0
1
0
0
1
0
0
0
0
1
0
0
1
0
0
1
0
0
1
0
0
1
0
0
1
0
0
-1
0
0
-1
0
0
-1
0
0
-1
0
0
-1
0
0
-1
1
0
0
1
0
0
1
0
0
1
0
0
1
0
0
1
0
0
1
0
0
1
0
0
1
0
0
1
0
0
1
0
0
1
0
0
0.707107
-0.707107
-1.26891e-014
0.707107
-0.707107
-9.98643e-007
0.707107
-0.707107
-9.98643e-007
0.707107
-0.707107
-9.98643e-007
0.707107
-0.707107
-9.98643e-007
0.707107
-0.707107
-1.99729e-006
1.99729e-006
-0.707107
-0.707107
9.98643e-007
-0.707107
-0.707107
9.98643e-007
-0.707107
-0.707107
9.98643e-007
-0.707107
-0.707107
9.98643e-007
-0.707107
-0.707107
0
-0.707107
-0.707107
0.707107
1.71244e-006
0.707107
0.707107
-8.56215e-007
0.707107
0.707107
-8.56215e-007
0.707107
0.707107
-8.56215e-007
0.707107
0.707107
-8.56215e-007
0.707107
0.707107
-3.42487e-006
0.707107
-0.707107
-0.707107
1.99728e-006
-0.707107
-0.707107
9.9864e-007
-0.707107
-0.707107
9.9864e-007
-0.707107
-0.707107
9.9864e-007
-0.707107
-0.707107
9.9864e-007
-0.707107
-0.707107
-1.17762e-014
0.707107
4.28109e-006
-0.707107
0.707107
2.56865e-006
-0.707107
0.707107
2.56865e-006
-0.707107
0.707107
2.56865e-006
-0.707107
0.707107
2.56865e-006
-0.707107
0.707107
8.56217e-007
-0.707107
0.707107
0.707107
1.99729e-006
0.707107
0.707107
1.99729e-006
0.707107
0.707107
1.99729e-006
0.707107
0.707107
1.99729e-006
0.707107
0.707107
1.99729e-006
0.707107
0.707107
1.99729e-006
8.98777e-006
0.707107
-0.707107
4.99321e-006
0.707107
-0.707107
4.99321e-006
0.707107
-0.707107
4.99321e-006
0.707107
-0.707107
4.99321e-006
0.707107
-0.707107
9.98643e-007
0.707107
-0.707107
-0.707107
0.707107
-5.99186e-006
-0.707107
0.707107
-3.99457e-006
-0.707107
0.707107
-3.99457e-006
-0.707107
0.707107
-3.99457e-006
-0.707107
0.707107
-3.99457e-006
-0.707107
0.707107
-1.99729e-006
-0.707107
-2.7942e-006
0.707107
-0.707107
1.7053e-012
0.707107
-0.707107
1.7053e-012
0.707107
-0.707107
1.7053e-012
0.707107
-0.707107
1.7053e-012
0.707107
-0.707107
2.79421e-006
0.707107
-3.99457e-006
0.707107
0.707107
-4.99321e-006
0.707107
0.707107
-4.99321e-006
0.707107
0.707107
-4.99321e-006
0.707107
0.707107
-4.99321e-006
0.707107
0.707107
-5.99185e-006
0.707107
0.707107
-0.707107
-2.3431e-006
-0.707107
-0.707107
1.47793e-012
-0.707107
-0.707107
1.47793e-012
-0.707107
-0.707107
1.47793e-012
-0.707107
-0.707107
1.47793e-012
-0.707107
-0.707107
2.3431e-006
-0.707107
-9.98643e-007
-0.707107
0.707107
4.99321e-007
-0.707107
0.707107
4.99321e-007
-0.707107
0.707107
4.99321e-007
-0.707107
0.707107
4.99321e-007
-0.707107
0.707107
1.99728e-006
-0.707107
0.707107
0.707106
1.23462e-006
0.707107
0.707106
1.23462e-006
0.707107
0.707106
1.23462e-006
0.707107
0.707108
3.08655e-006
-0.707105
0.707108
3.08655e-006
-0.707105
0.707108
3.08655e-006
-0.707105
0.707106
-2.50527e-006
0.707108
0.707106
-2.50527e-006
0.707108
0.707106
-2.50527e-006
0.707108
0.707106
6.26317e-007
-0.707107
0.707106
6.26317e-007
-0.707107
0.707106
6.26317e-007
-0.707107
-0.707108
-2.02932e-006
0.707106
-0.707108
-2.02932e-006
0.707106
-0.707108
-2.02932e-006
0.707106
-0.707106
-1.72858e-006
-0.707108
-0.707106
-1.72858e-006
-0.707108
-0.707106
-1.72858e-006
-0.707108
-0.707108
2.0023e-006
0.707106
-0.707108
2.0023e-006
0.707106
-0.707108
2.0023e-006
0.707106
-0.707106
1.67723e-006
-0.707108
-0.707106
1.67723e-006
-0.707108
-0.707106
1.67723e-006
-0.707108
-0.894427
-0.447214
-9.22655e-006
-0.894427
-0.447213
-3.2117e-006
-0.894427
-0.447214
-3.2117e-006
-0.894427
-0.447214
-3.2117e-006
-0.894427
-0.447213
-3.2117e-006
-0.894427
-0.447213
2.80316e-006
0.447213
0.894427
2.57244e-006
0.447214
0.894427
3.74657e-006
0.447213
0.894427
3.74657e-006
0.447213
0.894427
3.74657e-006
0.447214
0.894427
3.74657e-006
0.447214
0.894427
4.92069e-006
-1.22154e-005
0.894427
-0.447214
-1.23886e-005
0.894427
-0.447213
-1.23886e-005
0.894427
-0.447214
-1.23886e-005
0.894427
-0.447214
-1.23886e-005
0.894427
-0.447213
-1.25618e-005
0.894427
-0.447213
-7.92834e-006
-0.447213
0.894427
-1.3955e-005
-0.447214
0.894427
-1.3955e-005
-0.447213
0.894427
-1.3955e-005
-0.447213
0.894427
-1.3955e-005
-0.447214
0.894427
-1.99817e-005
-0.447214
0.894427
0.44702
0.0294126
-0.89404
0.44713
0.0192854
-0.894261
0.44713
0.0192854
-0.894261
0.44713
0.0192854
-0.894261
0.44713
0.0192854
-0.894261
0.447194
0.00915636
-0.89439
-0.894399
-0.00793667
0.447199
-0.89428
-0.0181222
0.44714
-0.894281
-0.0181222
0.44714
-0.894281
-0.0181222
0.44714
-0.89428
-0.0181222
0.44714
-0.894069
-0.0283059
0.447035
-0.447213
0.894427
-3.04451e-006
-0.447214
0.894427
-9.17994e-006
-0.447213
0.894427
-9.17994e-006
-0.447213
0.894427
-9.17994e-006
-0.447214
0.894427
-9.17994e-006
-0.447214
0.894427
-1.53154e-005
0.894427
-0.447214
8.87249e-006
0.894427
-0.447213
-3.11642e-006
0.894427
-0.447214
-3.11642e-006
0.894427
-0.447214
-3.11642e-006
0.894427
-0.447213
-3.11642e-006
0.894427
-0.447213
-1.51053e-005
-0.894041
0.0294059
-0.44702
-0.894261
0.0192789
-0.447131
-0.894261
0.0192789
-0.44713
-0.894261
0.0192789
-0.44713
-0.894261
0.0192789
-0.447131
-0.89439
0.00915001
-0.447195
0.4472
-0.00793789
0.894399
0.44714
-0.0181269
0.89428
0.44714
-0.0181269
0.89428
0.44714
-0.0181269
0.89428
0.44714
-0.0181269
0.89428
0.447034
-0.0283141
0.894069
0.447213
-0.894427
-2.80848e-006
0.447214
-0.894427
-3.75956e-006
0.447213
-0.894427
-3.75956e-006
0.447213
-0.894427
-3.75956e-006
0.447214
-0.894427
-3.75956e-006
0.447214
-0.894427
-4.71065e-006
-0.894427
0.447214
-1.42534e-005
-0.894427
0.447213
-1.52045e-005
-0.894427
0.447214
-1.52045e-005
-0.894427
0.447214
-1.52045e-005
-0.894427
0.447213
-1.52045e-005
-0.894427
0.447213
-1.61556e-005
2.42271e-006
0.447213
0.894427
-1.06814e-005
0.447214
0.894427
-1.06814e-005
0.447213
0.894427
-1.06814e-005
0.447213
0.894427
-1.06814e-005
0.447214
0.894427
-2.37855e-005
0.447214
0.894427
1.55391e-005
-0.894427
-0.447214
-2.74935e-006
-0.894427
-0.447213
-2.74935e-006
-0.894427
-0.447214
-2.74935e-006
-0.894427
-0.447214
-2.74935e-006
-0.894427
-0.447213
-2.10378e-005
-0.894427
-0.447213
0.894427
0.447214
7.09552e-006
0.894427
0.447213
3.90655e-007
0.894427
0.447214
3.90655e-007
0.894427
0.447214
3.90655e-007
0.894427
0.447213
3.90655e-007
0.894427
0.447213
-6.3142e-006
-0.447213
-0.894427
1.87765e-005
-0.447214
-0.894427
1.3651e-005
-0.447213
-0.894427
1.3651e-005
-0.447213
-0.894427
1.3651e-005
-0.447214
-0.894427
1.3651e-005
-0.447214
-0.894427
8.52562e-006
-0.447199
-0.0079448
-0.894399
-0.44714
-0.0181273
-0.89428
-0.44714
-0.0181273
-0.89428
-0.44714
-0.0181273
-0.89428
-0.44714
-0.0181273
-0.89428
-0.447035
-0.028308
-0.894069
0.89404
0.0294126
0.44702
0.894261
0.0192855
0.447131
0.894261
0.0192855
0.44713
0.894261
0.0192855
0.44713
0.894261
0.0192855
0.447131
0.89439
0.00915636
0.447195
-5.05751e-006
-0.894427
0.447213
3.32647e-006
-0.894427
0.447213
3.32647e-006
-0.894427
0.447213
3.32647e-006
-0.894427
0.447213
3.32647e-006
-0.894427
0.447213
1.17105e-005
-0.894427
0.447213
6.15139e-006
0.447214
-0.894427
1.47584e-005
0.447214
-0.894427
1.47584e-005
0.447214
-0.894427
1.47584e-005
0.447214
-0.894427
1.47584e-005
0.447214
-0.894427
2.33654e-005
0.447214
-0.894427
0.894399
-0.0079383
-0.447199
0.89428
-0.0181239
-0.44714
0.894281
-0.0181239
-0.44714
0.894281
-0.0181239
-0.44714
0.89428
-0.0181239
-0.44714
0.894069
-0.0283076
-0.447035
-0.44702
0.0294099
0.89404
-0.447131
0.0192807
0.894261
-0.44713
0.0192807
0.894261
-0.44713
0.0192807
0.894261
-0.447131
0.0192807
0.894261
-0.447195
0.00914944
0.89439
3.50408e-006
-0.447214
-0.894427
-5.21447e-006
-0.447214
-0.894427
-5.21447e-006
-0.447214
-0.894427
-5.21447e-006
-0.447214
-0.894427
-5.21447e-006
-0.447214
-0.894427
-1.3933e-005
-0.447214
-0.894427
4.93949e-006
0.894427
0.447213
2.97566e-006
0.894427
0.447213
2.97566e-006
0.894427
0.447213
2.97566e-006
0.894427
0.447213
2.97566e-006
0.894427
0.447213
1.01182e-006
0.894427
0.447213
-0
0
1
-0
0
1
-0
0
1
-0
0
1
-0
0
1
-0
0
1
0
1
0
0
1
0
0
1
0
0
1
0
0
1
0
0
1
0
0
1
-0
0
1
-0
0
1
-0
0
1
-0
0
1
-0
0
1
-0
-0
1
0
-0
1
0
-0
1
0
-0
1
0
-0
1
0
-0
1
0
0
0
-1
0
0
-1
0
0
-1
0
0
-1
0
0
-1
0
0
-1
0
-1
0
0
-1
0
0
-1
0
0
-1
0
0
-1
0
0
-1
0
7.09624e-008
7.09624e-008
1
7.66676e-007
-6.45618e-007
1
7.16581e-007
-6.95713e-007
1
7.16581e-007
-6.95713e-007
1
7.66676e-007
-6.45618e-007
1
1.41229e-006
-1.41229e-006
1
1
1.41229e-006
1.41229e-006
1
7.06147e-007
7.06147e-007
1
7.06147e-007
7.06147e-007
1
7.06147e-007
7.06147e-007
1
7.06147e-007
7.06147e-007
1
0
0
-1.21087e-006
1
-1.21087e-006
6.05436e-007
1
6.05436e-007
6.05436e-007
1
6.05436e-007
6.05436e-007
1
6.05436e-007
6.05436e-007
1
6.05436e-007
2.42175e-006
1
2.42175e-006
-1.41229e-006
-1.41229e-006
-1
-6.95712e-007
-7.16579e-007
-1
-6.45617e-007
-7.66674e-007
-1
-6.45617e-007
-7.66674e-007
-1
-6.95712e-007
-7.16579e-007
-1
7.09624e-008
-7.09624e-008
-1
-3.02719e-006
1
3.02719e-006
-1.81631e-006
1
1.81631e-006
-1.81631e-006
1
1.81631e-006
-1.81631e-006
1
1.81631e-006
-1.81631e-006
1
1.81631e-006
-6.05437e-007
1
6.05437e-007
1.41229e-006
1.41229e-006
-1
1.40186e-006
1.42273e-006
-1
1.35177e-006
1.47282e-006
-1
1.35177e-006
1.47282e-006
-1
1.40186e-006
1.42273e-006
-1
1.34133e-006
1.48326e-006
-1
-1
6.35531e-006
-6.35531e-006
-1
3.53073e-006
-3.53073e-006
-1
3.53073e-006
-3.53073e-006
-1
3.53073e-006
-3.53073e-006
-1
3.53073e-006
-3.53073e-006
-1
7.06147e-007
-7.06147e-007
-4.30784e-006
4.16592e-006
1
-2.88512e-006
2.76406e-006
1
-2.83502e-006
2.81416e-006
1
-2.83502e-006
2.81416e-006
1
-2.88512e-006
2.76406e-006
1
-1.4123e-006
1.4123e-006
1
-1.9758e-006
1
1.9758e-006
1.20583e-012
1
-1.20583e-012
1.20583e-012
1
-1.20583e-012
1.20583e-012
1
-1.20583e-012
1.20583e-012
1
-1.20583e-012
1.9758e-006
1
-1.9758e-006
1
2.82459e-006
2.82458e-006
1
3.53073e-006
3.53073e-006
1
3.53073e-006
3.53073e-006
1
3.53073e-006
3.53073e-006
1
3.53073e-006
3.53073e-006
1
4.23688e-006
4.23688e-006
-1.65682e-006
1
-1.65682e-006
1.04505e-012
1
1.04505e-012
1.04505e-012
1
1.04505e-012
1.04505e-012
1
1.04505e-012
1.04505e-012
1
1.04505e-012
1.65682e-006
1
1.65682e-006
-1
7.06147e-007
-7.06147e-007
-1
-3.53073e-007
3.53073e-007
-1
-3.53073e-007
3.53073e-007
-1
-3.53073e-007
3.53073e-007
-1
-3.53073e-007
3.53073e-007
-1
-1.41229e-006
1.41229e-006
-0.408249
0.816497
0.408247
-0.408249
0.816497
0.408247
-0.408249
0.816497
0.408247
0.408246
0.816497
0.408251
0.408246
0.816497
0.408251
0.408246
0.816497
0.408251
0.40825
0.816497
-0.408246
0.40825
0.816497
-0.408246
0.40825
0.816497
-0.408246
-0.408249
0.816497
-0.408248
-0.408249
0.816497
-0.408248
-0.408249
0.816497
-0.408248
0.408246
0.816497
0.40825
0.408247
0.816497
0.40825
0.408247
0.816497
0.40825
-0.40825
0.816497
0.408247
-0.40825
0.816497
0.408247
-0.40825
0.816497
0.408247
-0.408247
0.816497
-0.40825
-0.408247
0.816497
-0.40825
-0.408246
0.816497
-0.40825
0.40825
0.816497
-0.408247
0.40825
0.816497
-0.408247
0.40825
0.816497
-0.408247
-8.25248e-006
-4.12624e-006
1
-2.87263e-006
-1.43631e-006
1
-2.87263e-006
-1.43631e-006
1
-2.87263e-006
-1.43631e-006
1
-2.87263e-006
-1.43631e-006
1
2.50722e-006
1.25361e-006
1
-1.15043e-006
-2.30086e-006
1
-1.71588e-006
-3.33085e-006
1
-1.68086e-006
-3.34836e-006
1
-1.68086e-006
-3.34836e-006
1
-1.71588e-006
-3.33085e-006
1
-2.24346e-006
-4.37977e-006
1
1
1.09258e-005
-5.46289e-006
1
1.10807e-005
-5.54034e-006
1
1.10807e-005
-5.54034e-006
1
1.10807e-005
-5.54034e-006
1
1.10807e-005
-5.54034e-006
1
1.12356e-005
-5.61779e-006
1
-3.54566e-006
7.09133e-006
1
-6.24087e-006
1.24817e-005
1
-6.24087e-006
1.24817e-005
1
-6.24087e-006
1.24817e-005
1
-6.24087e-006
1.24817e-005
1
-8.93609e-006
1.78722e-005
-0.0131537
0.999567
0.0263074
-0.00862471
0.999814
0.0172494
-0.00862472
0.999814
0.0172494
-0.00862472
0.999814
0.0172494
-0.00862471
0.999814
0.0172494
-0.00409485
0.999958
0.0081897
-0.00709877
0.999969
0.00354938
-0.016209
0.999836
0.00810452
-0.016209
0.999836
0.00810451
-0.016209
0.999836
0.00810451
-0.016209
0.999836
0.00810452
-0.0253176
0.999599
0.0126588
1.36155e-006
-2.72309e-006
-1
4.06503e-006
-8.23097e-006
-1
4.10004e-006
-8.21347e-006
-1
4.10004e-006
-8.21347e-006
-1
4.06503e-006
-8.23097e-006
-1
6.80638e-006
-1.37199e-005
-1
7.9358e-006
-3.9679e-006
-1
-2.78741e-006
1.3937e-006
-1
-2.78741e-006
1.3937e-006
-1
-2.78741e-006
1.3937e-006
-1
-2.78741e-006
1.3937e-006
-1
-1.35106e-005
6.7553e-006
-1
0.0263014
0.999568
0.0131507
0.0172436
0.999814
0.0086218
0.0172436
0.999814
0.00862179
0.0172436
0.999814
0.00862179
0.0172436
0.999814
0.0086218
0.00818401
0.999958
0.00409201
0.00354993
0.999969
0.00709986
0.00810661
0.999836
0.0162132
0.00810661
0.999836
0.0162132
0.00810661
0.999836
0.0162132
0.00810661
0.999836
0.0162132
0.0126624
0.999599
0.0253249
-1.25599e-006
2.51198e-006
-1
-1.64096e-006
3.38284e-006
-1
-1.67598e-006
3.36533e-006
-1
-1.67598e-006
3.36533e-006
-1
-1.64096e-006
3.38284e-006
-1
-2.0638e-006
4.23476e-006
-1
1.27486e-005
-6.37432e-006
-1
1.35993e-005
-6.79965e-006
-1
1.35993e-005
-6.79966e-006
-1
1.35993e-005
-6.79966e-006
-1
1.35993e-005
-6.79965e-006
-1
1.445e-005
-7.22499e-006
-1
-1
1.08347e-006
2.16694e-006
-1
-4.77687e-006
-9.55374e-006
-1
-4.77687e-006
-9.55375e-006
-1
-4.77687e-006
-9.55375e-006
-1
-4.77687e-006
-9.55374e-006
-1
-1.06372e-005
-2.12744e-005
-1
-1.38986e-005
-6.94931e-006
-1
2.45909e-006
1.22954e-006
-1
2.45909e-006
1.22955e-006
-1
2.45909e-006
1.22955e-006
-1
2.45909e-006
1.22954e-006
-1
1.88168e-005
9.40839e-006
-6.34642e-006
-3.17321e-006
1
-3.49413e-007
-1.74706e-007
1
-3.49413e-007
-1.74706e-007
1
-3.49413e-007
-1.74706e-007
1
-3.49413e-007
-1.74706e-007
1
5.6476e-006
2.8238e-006
1
8.39707e-006
1.67942e-005
1
6.1453e-006
1.21897e-005
1
6.11027e-006
1.22072e-005
1
6.11027e-006
1.22072e-005
1
6.1453e-006
1.21897e-005
1
3.85564e-006
7.60412e-006
1
-0.00355302
0.999968
-0.00710605
-0.00810679
0.999836
-0.0162136
-0.00810678
0.999836
-0.0162136
-0.00810678
0.999836
-0.0162136
-0.00810679
0.999836
-0.0162136
-0.0126597
0.999599
-0.0253194
-0.0263074
0.999567
-0.0131537
-0.0172494
0.999814
-0.00862472
-0.0172494
0.999814
-0.00862471
-0.0172494
0.999814
-0.00862471
-0.0172494
0.999814
-0.00862472
-0.0081897
0.999958
-0.00409485
1
-4.52358e-006
2.26179e-006
1
2.97529e-006
-1.48764e-006
1
2.97529e-006
-1.48764e-006
1
2.97529e-006
-1.48764e-006
1
2.97529e-006
-1.48764e-006
1
1.04741e-005
-5.23707e-006
1
-2.75099e-006
5.50197e-006
1
-6.60017e-006
1.32003e-005
1
-6.60016e-006
1.32003e-005
1
-6.60016e-006
1.32003e-005
1
-6.60017e-006
1.32003e-005
1
-1.04494e-005
2.08987e-005
0.00710023
0.999969
-0.00355011
0.0162105
0.999836
-0.00810525
0.0162105
0.999836
-0.00810524
0.0162105
0.999836
-0.00810524
0.0162105
0.999836
-0.00810525
0.0253191
0.999599
-0.0126595
0.0131525
0.999568
-0.026305
0.00862258
0.999814
-0.0172452
0.00862257
0.999814
-0.0172452
0.00862257
0.999814
-0.0172452
0.00862258
0.999814
-0.0172452
0.00409176
0.999958
-0.00818351
-1
-1.56707e-006
-3.13414e-006
-1
2.33198e-006
4.66396e-006
-1
2.33198e-006
4.66396e-006
-1
2.33198e-006
4.66396e-006
-1
2.33198e-006
4.66396e-006
-1
6.23104e-006
1.24621e-005
-1
4.41802e-006
2.20901e-006
-1
2.66151e-006
1.33075e-006
-1
2.66151e-006
1.33075e-006
-1
2.66151e-006
1.33075e-006
-1
2.66151e-006
1.33075e-006
-1
9.04998e-007
4.52499e-007
5
1
18 / 0 / 0
22 / 1 / 1
1 / 3 / 2
1 / 3 / 2
22 / 1 / 1
3 / 2 / 3
5 / 4 / 4
11 / 5 / 5
2 / 7 / 6
2 / 7 / 6
11 / 5 / 5
8 / 6 / 7
7 / 8 / 8
13 / 9 / 9
0 / 11 / 10
0 / 11 / 10
13 / 9 / 9
19 / 10 / 11
21 / 12 / 12
15 / 13 / 13
4 / 15 / 14
4 / 15 / 14
15 / 13 / 13
9 / 14 / 15
10 / 16 / 16
17 / 17 / 17
6 / 19 / 18
6 / 19 / 18
17 / 17 / 17
14 / 18 / 19
16 / 20 / 20
23 / 21 / 21
12 / 23 / 22
12 / 23 / 22
23 / 21 / 21
20 / 22 / 23
24 / 30 / 24
25 / 27 / 25
27 / 31 / 26
27 / 31 / 26
25 / 27 / 25
26 / 26 / 27
28 / 38 / 28
24 / 35 / 29
30 / 39 / 30
30 / 39 / 30
24 / 35 / 29
29 / 34 / 31
25 / 46 / 32
28 / 43 / 33
32 / 47 / 34
32 / 47 / 34
28 / 43 / 33
31 / 42 / 35
33 / 54 / 36
29 / 51 / 37
35 / 55 / 38
35 / 55 / 38
29 / 51 / 37
34 / 50 / 39
30 / 62 / 40
33 / 59 / 41
37 / 63 / 42
37 / 63 / 42
33 / 59 / 41
36 / 58 / 43
32 / 70 / 44
38 / 67 / 45
40 / 71 / 46
40 / 71 / 46
38 / 67 / 45
39 / 66 / 47
38 / 78 / 48
31 / 75 / 49
41 / 79 / 50
41 / 79 / 50
31 / 75 / 49
37 / 74 / 51
41 / 86 / 52
36 / 83 / 53
43 / 87 / 54
43 / 87 / 54
36 / 83 / 53
42 / 82 / 55
40 / 94 / 56
44 / 91 / 57
26 / 95 / 58
26 / 95 / 58
44 / 91 / 57
45 / 90 / 59
44 / 102 / 60
39 / 99 / 61
46 / 103 / 62
46 / 103 / 62
39 / 99 / 61
43 / 98 / 63
46 / 110 / 64
42 / 107 / 65
47 / 111 / 66
47 / 111 / 66
42 / 107 / 65
35 / 106 / 67
27 / 118 / 68
45 / 115 / 69
34 / 119 / 70
34 / 119 / 70
45 / 115 / 69
47 / 114 / 71
25 / 46 / 72
24 / 121 / 73
28 / 43 / 74
29 / 127 / 75
33 / 59 / 76
30 / 62 / 77
38 / 123 / 78
32 / 47 / 79
31 / 42 / 80
36 / 58 / 81
41 / 126 / 82
37 / 63 / 83
44 / 91 / 84
40 / 94 / 85
39 / 124 / 86
42 / 107 / 87
46 / 110 / 88
43 / 125 / 89
27 / 122 / 90
26 / 95 / 91
45 / 90 / 92
35 / 106 / 93
34 / 120 / 94
47 / 111 / 95
0 / 24 / 96
19 / 25 / 97
25 / 27 / 98
25 / 27 / 98
19 / 25 / 97
26 / 26 / 99
18 / 28 / 100
1 / 29 / 101
27 / 31 / 102
27 / 31 / 102
1 / 29 / 101
24 / 30 / 103
1 / 32 / 104
3 / 33 / 105
24 / 35 / 106
24 / 35 / 106
3 / 33 / 105
29 / 34 / 107
5 / 36 / 108
2 / 37 / 109
30 / 39 / 110
30 / 39 / 110
2 / 37 / 109
28 / 38 / 111
2 / 40 / 112
8 / 41 / 113
28 / 43 / 114
28 / 43 / 114
8 / 41 / 113
31 / 42 / 115
7 / 44 / 116
0 / 45 / 117
32 / 47 / 118
32 / 47 / 118
0 / 45 / 117
25 / 46 / 119
3 / 48 / 120
22 / 49 / 121
29 / 51 / 122
29 / 51 / 122
22 / 49 / 121
34 / 50 / 123
21 / 52 / 124
4 / 53 / 125
35 / 55 / 126
35 / 55 / 126
4 / 53 / 125
33 / 54 / 127
4 / 56 / 128
9 / 57 / 129
33 / 59 / 130
33 / 59 / 130
9 / 57 / 129
36 / 58 / 131
11 / 60 / 132
5 / 61 / 133
37 / 63 / 134
37 / 63 / 134
5 / 61 / 133
30 / 62 / 135
6 / 64 / 136
14 / 65 / 137
38 / 67 / 138
38 / 67 / 138
14 / 65 / 137
39 / 66 / 139
13 / 68 / 140
7 / 69 / 141
40 / 71 / 142
40 / 71 / 142
7 / 69 / 141
32 / 70 / 143
8 / 72 / 144
11 / 73 / 145
31 / 75 / 146
31 / 75 / 146
11 / 73 / 145
37 / 74 / 147
10 / 76 / 148
6 / 77 / 149
41 / 79 / 150
41 / 79 / 150
6 / 77 / 149
38 / 78 / 151
9 / 80 / 152
15 / 81 / 153
36 / 83 / 154
36 / 83 / 154
15 / 81 / 153
42 / 82 / 155
17 / 84 / 156
10 / 85 / 157
43 / 87 / 158
43 / 87 / 158
10 / 85 / 157
41 / 86 / 159
12 / 88 / 160
20 / 89 / 161
44 / 91 / 162
44 / 91 / 162
20 / 89 / 161
45 / 90 / 163
19 / 92 / 164
13 / 93 / 165
26 / 95 / 166
26 / 95 / 166
13 / 93 / 165
40 / 94 / 167
14 / 96 / 168
17 / 97 / 169
39 / 99 / 170
39 / 99 / 170
17 / 97 / 169
43 / 98 / 171
16 / 100 / 172
12 / 101 / 173
46 / 103 / 174
46 / 103 / 174
12 / 101 / 173
44 / 102 / 175
15 / 104 / 176
21 / 105 / 177
42 / 107 / 178
42 / 107 / 178
21 / 105 / 177
35 / 106 / 179
23 / 108 / 180
16 / 109 / 181
47 / 111 / 182
47 / 111 / 182
16 / 109 / 181
46 / 110 / 183
20 / 112 / 184
23 / 113 / 185
45 / 115 / 186
45 / 115 / 186
23 / 113 / 185
47 / 114 / 187
22 / 116 / 188
18 / 117 / 189
34 / 119 / 190
34 / 119 / 190
18 / 117 / 189
27 / 118 / 191
pCubeShape1
